Medida;Latitude;Longitude;Altitude;Distancia_3D_m;RSSI_DL_medido;RSSI_DL_previsto_shadowing
1;-23.005284;-46.835389;783.1;21.64;-45.5;-60.48
2;-23.005284;-46.835389;783.0;21.6;-44.0;-60.46
3;-23.005285;-46.835388;783.1;21.52;-45.5;-60.41
4;-23.005284;-46.835387;783.0;21.58;-44.0;-60.45
5;-23.005283;-46.835386;783.2;21.75;-45.5;-60.55
6;-23.005282;-46.835386;783.2;21.85;-44.0;-60.61
7;-23.005282;-46.835385;783.2;21.85;-45.5;-60.61
8;-23.005282;-46.835384;782.8;21.7;-45.5;-60.52
9;-23.005282;-46.835382;782.3;21.52;-45.5;-60.41
10;-23.005283;-46.835381;782.0;21.32;-45.5;-60.29
11;-23.005285;-46.83538;780.7;20.73;-45.5;-59.92
12;-23.005288;-46.835378;779.5;20.12;-45.5;-59.54
13;-23.00529;-46.835377;778.7;19.75;-45.5;-59.29
14;-23.005292;-46.835376;778.3;19.46;-45.5;-59.1
15;-23.005295;-46.835375;777.5;19.03;-45.5;-58.81
16;-23.005298;-46.835374;776.9;18.63;-44.0;-58.54
17;-23.005302;-46.835372;776.4;18.15;-45.5;-58.2
18;-23.005304;-46.83537;775.9;17.91;-45.5;-58.02
19;-23.005307;-46.835369;775.3;17.57;-45.5;-57.77
20;-23.005308;-46.835368;775.0;17.46;-45.5;-57.69
21;-23.00531;-46.835367;774.5;17.26;-44.0;-57.54
22;-23.005312;-46.835366;773.9;17.08;-45.5;-57.4
23;-23.005314;-46.835365;773.5;16.91;-45.5;-57.27
24;-23.005315;-46.835364;772.8;16.89;-45.5;-57.26
25;-23.005317;-46.835363;772.3;16.76;-44.0;-57.16
26;-23.005319;-46.835362;771.8;16.65;-44.0;-57.07
27;-23.005323;-46.835362;771.2;16.36;-44.0;-56.84
28;-23.005324;-46.835362;771.1;16.28;-44.0;-56.77
29;-23.005326;-46.835362;770.8;16.15;-44.0;-56.67
30;-23.005327;-46.835362;770.5;16.13;-45.5;-56.66
31;-23.005329;-46.835362;770.4;15.95;-44.0;-56.51
32;-23.005329;-46.835362;770.3;15.98;-45.5;-56.53
33;-23.005331;-46.835362;770.1;15.84;-44.0;-56.42
34;-23.005333;-46.835362;769.6;15.8;-44.0;-56.39
35;-23.005335;-46.835363;769.3;15.71;-44.0;-56.31
36;-23.005336;-46.835364;769.0;15.72;-45.5;-56.32
37;-23.005338;-46.835363;768.5;15.73;-45.5;-56.33
38;-23.005339;-46.835363;768.2;15.77;-44.0;-56.36
39;-23.00534;-46.835364;768.2;15.67;-44.0;-56.28
40;-23.00534;-46.835364;768.2;15.67;-44.0;-56.28
41;-23.005341;-46.835366;768.3;15.51;-44.0;-56.15
42;-23.005343;-46.835367;768.0;15.46;-45.5;-56.1
43;-23.005344;-46.835368;767.9;15.41;-45.5;-56.06
44;-23.005345;-46.835369;767.6;15.46;-44.0;-56.1
45;-23.005346;-46.83537;767.6;15.36;-45.5;-56.02
46;-23.005347;-46.835372;767.5;15.32;-44.0;-55.98
47;-23.005349;-46.835373;767.4;15.18;-45.5;-55.87
48;-23.00535;-46.835373;766.9;15.36;-45.5;-56.02
49;-23.005352;-46.835375;766.6;15.35;-46.5;-56.01
50;-23.005355;-46.835375;766.4;15.19;-45.5;-55.88
51;-23.005355;-46.835377;766.9;14.91;-50.5;-55.63
52;-23.005359;-46.835377;766.0;15.09;-49.5;-55.79
53;-23.005361;-46.835377;766.1;14.86;-46.5;-55.58
54;-23.005362;-46.835376;765.2;15.35;-54.0;-56.01
55;-23.005363;-46.835375;764.9;15.46;-54.0;-56.11
56;-23.005362;-46.835376;765.3;15.28;-57.0;-55.95
57;-23.005365;-46.835377;765.4;14.97;-57.0;-55.69
58;-23.005366;-46.835376;765.2;15.02;-52.5;-55.73
59;-23.005366;-46.835376;765.3;14.95;-52.5;-55.67
60;-23.005368;-46.835374;765.5;14.65;-51.5;-55.4
61;-23.005368;-46.835373;766.0;14.31;-55.0;-55.1
62;-23.005368;-46.835372;766.1;14.24;-54.0;-55.04
63;-23.005368;-46.835373;766.3;14.12;-55.0;-54.92
64;-23.005368;-46.835372;766.6;13.92;-55.0;-54.74
65;-23.005367;-46.835371;766.8;13.88;-52.5;-54.7
66;-23.005366;-46.83537;766.7;14.03;-56.0;-54.84
67;-23.005367;-46.835371;767.1;13.7;-56.0;-54.53
68;-23.005368;-46.835373;767.7;13.26;-56.0;-54.1
69;-23.005368;-46.835373;767.8;13.2;-56.0;-54.04
70;-23.005367;-46.835373;767.9;13.23;-56.0;-54.08
71;-23.005366;-46.835373;768.0;13.27;-55.0;-54.11
72;-23.005366;-46.835372;768.2;13.16;-54.0;-54.0
73;-23.005365;-46.835371;768.2;13.25;-59.0;-54.09
74;-23.005364;-46.835371;768.3;13.29;-54.0;-54.13
75;-23.005363;-46.83537;768.1;13.49;-55.0;-54.33
76;-23.005361;-46.835369;768.2;13.62;-61.5;-54.45
77;-23.005361;-46.835368;768.2;13.62;-62.5;-54.46
78;-23.00536;-46.835368;768.3;13.67;-61.5;-54.5
79;-23.005359;-46.835368;768.4;13.71;-55.0;-54.54
80;-23.005354;-46.835373;768.4;14.19;-49.5;-54.99
81;-23.005351;-46.835376;768.5;14.45;-55.0;-55.22
82;-23.005346;-46.835371;767.6;15.36;-55.0;-56.02
83;-23.005344;-46.835368;767.4;15.65;-54.0;-56.27
84;-23.005344;-46.835367;767.1;15.81;-55.0;-56.4
85;-23.005343;-46.835367;767.0;15.96;-55.0;-56.52
86;-23.005343;-46.835365;766.8;16.07;-55.0;-56.61
87;-23.005342;-46.835364;766.8;16.17;-54.0;-56.69
88;-23.005342;-46.835363;766.7;16.23;-54.0;-56.73
89;-23.005341;-46.835363;766.9;16.21;-55.0;-56.72
90;-23.005339;-46.835363;767.1;16.3;-55.0;-56.79
91;-23.005337;-46.835362;767.3;16.4;-55.0;-56.87
92;-23.005336;-46.835361;767.2;16.55;-55.0;-56.99
93;-23.005335;-46.83536;767.5;16.5;-50.5;-56.96
94;-23.005332;-46.835367;767.5;16.77;-57.0;-57.16
95;-23.005327;-46.835376;768.0;17.05;-48.5;-57.38
96;-23.005303;-46.835405;767.4;20.03;-47.5;-59.48
97;-23.00529;-46.835427;767.5;21.8;-54.0;-60.58
98;-23.005265;-46.835473;768.0;25.7;-70.0;-62.72
99;-23.005257;-46.835512;767.6;28.41;-49.5;-64.03
100;-23.005259;-46.835537;767.5;29.65;-51.5;-64.59
101;-23.005258;-46.835548;767.1;30.51;-50.5;-64.96
102;-23.005255;-46.835577;766.6;32.74;-55.0;-65.88
103;-23.005254;-46.835609;765.5;35.31;-71.0;-66.86
104;-23.005253;-46.835629;765.6;36.8;-64.5;-67.4
105;-23.005235;-46.835666;764.9;41.01;-70.0;-68.81
106;-23.005217;-46.835693;765.3;44.22;-65.5;-69.8
107;-23.005212;-46.835719;765.5;46.53;-75.0;-70.46
108;-23.005211;-46.835729;765.5;47.39;-66.5;-70.7
109;-23.005211;-46.835727;765.4;47.25;-68.5;-70.66
110;-23.005211;-46.835717;764.8;46.6;-64.5;-70.48
111;-23.005213;-46.835713;764.5;46.22;-71.0;-70.37
112;-23.005213;-46.835713;764.4;46.25;-65.5;-70.38
113;-23.005214;-46.835712;764.6;46.05;-76.0;-70.32
114;-23.005214;-46.835711;764.5;46.0;-74.0;-70.31
115;-23.005214;-46.835712;764.2;46.15;-64.5;-70.35
116;-23.005212;-46.835712;763.9;46.36;-75.0;-70.41
117;-23.005215;-46.835712;764.2;46.08;-64.5;-70.33
118;-23.005217;-46.835711;764.6;45.77;-66.5;-70.25
119;-23.005218;-46.835712;764.7;45.76;-67.5;-70.24
120;-23.005216;-46.835712;764.3;45.99;-68.5;-70.31
121;-23.005216;-46.835713;764.2;46.09;-68.5;-70.34
122;-23.005215;-46.835714;763.9;46.31;-67.5;-70.4
123;-23.005215;-46.835714;763.9;46.31;-75.0;-70.4
124;-23.005215;-46.835715;764.0;46.36;-75.0;-70.41
125;-23.005215;-46.835715;764.0;46.36;-68.5;-70.41
126;-23.005214;-46.835716;763.8;46.56;-68.5;-70.47
127;-23.005212;-46.835717;763.6;46.82;-68.5;-70.54
128;-23.00521;-46.835718;763.1;47.16;-68.5;-70.63
129;-23.005209;-46.835718;762.9;47.28;-67.5;-70.67
130;-23.005207;-46.835718;762.4;47.55;-71.0;-70.74
131;-23.005207;-46.835719;762.3;47.65;-71.0;-70.77
132;-23.005206;-46.835719;762.2;47.75;-79.5;-70.79
133;-23.005206;-46.835719;762.0;47.8;-67.5;-70.81
134;-23.005205;-46.835719;761.9;47.9;-64.5;-70.84
135;-23.005203;-46.835718;761.6;48.04;-65.5;-70.87
136;-23.005202;-46.835718;761.4;48.17;-73.0;-70.91
137;-23.0052;-46.835717;761.0;48.34;-68.5;-70.96
138;-23.005199;-46.835717;760.7;48.5;-65.5;-71.0
139;-23.005199;-46.835717;760.7;48.5;-65.5;-71.0
140;-23.005198;-46.835716;760.7;48.49;-70.0;-71.0
141;-23.005197;-46.835716;760.8;48.53;-68.5;-71.01
142;-23.005197;-46.835716;760.8;48.53;-66.5;-71.01
143;-23.005199;-46.835714;761.2;48.13;-66.5;-70.9
144;-23.005198;-46.835714;761.3;48.17;-72.0;-70.91
145;-23.005198;-46.835714;761.4;48.14;-71.0;-70.9
146;-23.005197;-46.835713;761.3;48.16;-68.5;-70.91
147;-23.005197;-46.835713;761.3;48.16;-68.5;-70.91
148;-23.005196;-46.835714;761.2;48.33;-66.5;-70.95
149;-23.005196;-46.835714;761.3;48.3;-66.5;-70.95
150;-23.005197;-46.835715;761.6;48.22;-65.5;-70.92
151;-23.005197;-46.835715;761.6;48.22;-66.5;-70.92
152;-23.005198;-46.835717;761.4;48.36;-66.5;-70.96
153;-23.005199;-46.835717;761.5;48.26;-67.5;-70.94
154;-23.005199;-46.835718;761.6;48.31;-70.0;-70.95
155;-23.005199;-46.835718;761.7;48.28;-65.5;-70.94
156;-23.005201;-46.83572;761.7;48.3;-66.5;-70.94
157;-23.0052;-46.835721;761.7;48.44;-66.5;-70.98
158;-23.005201;-46.835721;761.8;48.35;-70.0;-70.96
159;-23.005201;-46.835721;762.0;48.29;-71.0;-70.94
160;-23.005201;-46.83572;762.1;48.19;-68.5;-70.91
161;-23.005201;-46.83572;762.4;48.1;-68.5;-70.89
162;-23.005201;-46.835719;762.7;47.95;-70.0;-70.85
163;-23.005201;-46.835719;762.7;47.95;-70.0;-70.85
164;-23.005203;-46.835719;763.0;47.73;-68.5;-70.79
165;-23.005203;-46.835718;763.0;47.66;-70.0;-70.77
166;-23.005203;-46.835718;762.9;47.68;-68.5;-70.78
167;-23.005203;-46.835718;762.9;47.68;-66.5;-70.78
168;-23.005204;-46.835717;762.8;47.56;-76.0;-70.75
169;-23.005205;-46.835717;762.7;47.52;-64.5;-70.73
170;-23.005205;-46.835716;762.9;47.39;-68.5;-70.7
171;-23.005206;-46.835716;762.9;47.33;-72.0;-70.68
172;-23.005207;-46.835716;763.0;47.23;-68.5;-70.65
173;-23.005208;-46.835716;762.9;47.19;-68.5;-70.64
174;-23.005208;-46.835716;762.8;47.22;-68.5;-70.65
175;-23.005209;-46.835715;762.9;47.05;-68.5;-70.6
176;-23.005209;-46.835715;763.1;46.99;-68.5;-70.59
177;-23.00521;-46.835715;763.2;46.9;-68.5;-70.56
178;-23.005211;-46.835715;763.3;46.81;-65.5;-70.54
179;-23.005212;-46.835715;763.3;46.74;-63.5;-70.52
180;-23.005213;-46.835716;763.5;46.7;-65.5;-70.51
181;-23.005213;-46.835716;763.5;46.7;-66.5;-70.51
182;-23.005214;-46.835716;763.6;46.61;-67.5;-70.48
183;-23.005214;-46.835717;763.7;46.66;-67.5;-70.5
184;-23.005215;-46.835717;763.8;46.57;-67.5;-70.47
185;-23.005216;-46.835717;763.9;46.48;-67.5;-70.44
186;-23.005216;-46.835717;764.0;46.45;-67.5;-70.44
187;-23.005217;-46.835717;764.0;46.39;-66.5;-70.42
188;-23.005217;-46.835717;764.0;46.39;-63.5;-70.42
189;-23.005216;-46.835717;764.0;46.45;-64.5;-70.44
190;-23.005216;-46.835717;764.0;46.45;-67.5;-70.44
191;-23.005216;-46.835717;764.1;46.43;-67.5;-70.43
192;-23.005217;-46.835717;764.1;46.36;-67.5;-70.41
193;-23.005217;-46.835717;764.0;46.39;-64.5;-70.42
194;-23.005217;-46.835717;764.0;46.39;-72.0;-70.42
195;-23.005217;-46.835717;763.9;46.41;-67.5;-70.43
196;-23.005218;-46.835717;763.8;46.37;-67.5;-70.41
197;-23.005218;-46.835717;763.8;46.37;-67.5;-70.41
198;-23.005218;-46.835717;763.7;46.4;-67.5;-70.42
199;-23.005217;-46.835716;763.7;46.38;-67.5;-70.42
200;-23.005217;-46.835715;763.7;46.31;-67.5;-70.4
201;-23.005217;-46.835715;763.7;46.31;-67.5;-70.4
202;-23.005217;-46.835714;763.7;46.23;-71.0;-70.37
203;-23.005217;-46.835714;763.7;46.23;-61.5;-70.37
204;-23.005216;-46.835714;763.7;46.29;-64.5;-70.39
205;-23.005215;-46.835715;763.5;46.49;-73.0;-70.45
206;-23.005215;-46.835715;763.5;46.49;-65.5;-70.45
207;-23.005215;-46.835714;763.6;46.39;-64.5;-70.42
208;-23.005214;-46.835714;763.6;46.45;-64.5;-70.44
209;-23.005214;-46.835714;763.5;46.48;-63.5;-70.44
210;-23.005215;-46.835714;763.6;46.39;-66.5;-70.42
211;-23.005215;-46.835714;763.5;46.41;-65.5;-70.43
212;-23.005215;-46.835715;763.5;46.49;-63.5;-70.45
213;-23.005214;-46.835718;763.5;46.79;-64.5;-70.53
214;-23.005214;-46.835718;763.7;46.74;-64.5;-70.52
215;-23.005214;-46.835718;764.1;46.64;-65.5;-70.49
216;-23.005216;-46.835719;764.2;46.56;-67.5;-70.47
217;-23.005216;-46.83572;764.3;46.62;-64.5;-70.48
218;-23.005216;-46.835726;764.2;47.11;-65.5;-70.62
219;-23.005213;-46.835754;764.3;49.53;-74.0;-71.27
220;-23.005202;-46.835799;763.7;54.04;-76.0;-72.41
221;-23.005185;-46.835858;763.3;60.09;-71.0;-73.79
222;-23.005173;-46.835894;762.7;63.97;-67.5;-74.61
223;-23.005146;-46.835975;762.0;72.61;-72.0;-76.26
224;-23.005116;-46.836059;762.1;81.58;-68.5;-77.78
225;-23.005095;-46.836125;762.2;88.53;-76.0;-78.84
226;-23.005087;-46.836149;762.4;91.06;-78.5;-79.21
227;-23.005076;-46.836186;762.5;94.94;-72.0;-79.75
228;-23.005066;-46.83621;762.6;97.59;-72.0;-80.11
229;-23.005061;-46.836231;762.4;99.76;-76.0;-80.4
230;-23.005055;-46.836241;762.2;101.0;-80.5;-80.56
231;-23.005059;-46.836247;762.9;101.25;-73.0;-80.59
232;-23.005057;-46.836248;762.5;101.49;-74.0;-80.62
233;-23.005057;-46.836249;762.5;101.58;-74.0;-80.63
234;-23.005058;-46.83625;762.4;101.63;-73.0;-80.64
235;-23.005061;-46.83625;762.7;101.45;-74.0;-80.61
236;-23.005061;-46.83625;762.8;101.44;-74.0;-80.61
237;-23.005061;-46.836251;762.3;101.59;-73.0;-80.63
238;-23.005061;-46.836251;762.3;101.59;-73.0;-80.63
239;-23.005059;-46.836252;761.2;101.93;-75.0;-80.68
240;-23.005061;-46.836252;761.3;101.81;-75.0;-80.66
241;-23.005061;-46.836251;761.2;101.74;-74.0;-80.65
242;-23.005061;-46.836251;761.2;101.74;-74.0;-80.65
243;-23.005068;-46.836248;762.1;101.0;-75.0;-80.56
244;-23.005068;-46.836248;762.0;101.01;-74.0;-80.56
245;-23.005065;-46.836247;761.5;101.14;-74.0;-80.57
246;-23.005064;-46.836247;761.3;101.21;-72.0;-80.58
247;-23.005064;-46.836247;761.3;101.21;-73.0;-80.58
248;-23.005065;-46.836246;761.5;101.05;-75.0;-80.56
249;-23.005065;-46.836246;761.5;101.05;-75.0;-80.56
250;-23.005067;-46.836242;762.1;100.5;-72.0;-80.49
251;-23.005066;-46.836241;762.2;100.45;-76.0;-80.49
252;-23.005066;-46.83624;762.4;100.33;-73.0;-80.47
253;-23.005066;-46.836239;762.3;100.25;-74.0;-80.46
254;-23.005067;-46.83624;762.5;100.27;-73.0;-80.46
255;-23.005069;-46.83624;762.6;100.16;-76.0;-80.45
256;-23.005067;-46.836242;762.1;100.5;-73.0;-80.49
257;-23.005068;-46.836243;762.0;100.56;-75.0;-80.5
258;-23.005072;-46.836243;762.5;100.3;-74.0;-80.47
259;-23.005066;-46.836245;761.1;100.96;-73.0;-80.55
260;-23.005067;-46.836244;761.3;100.79;-74.0;-80.53
261;-23.005066;-46.836244;761.2;100.86;-75.0;-80.54
262;-23.005066;-46.836243;761.0;100.8;-74.0;-80.53
263;-23.005067;-46.836243;760.9;100.76;-74.0;-80.53
264;-23.005067;-46.836242;760.7;100.7;-75.0;-80.52
265;-23.005066;-46.836241;760.5;100.69;-74.0;-80.52
266;-23.005067;-46.836241;760.4;100.65;-76.0;-80.51
267;-23.005067;-46.836241;760.3;100.67;-76.0;-80.51
268;-23.005066;-46.836241;759.8;100.79;-74.0;-80.53
269;-23.005065;-46.836241;759.7;100.86;-75.0;-80.54
270;-23.005065;-46.836241;759.3;100.92;-74.0;-80.55
271;-23.005064;-46.836241;759.1;101.0;-72.0;-80.56
272;-23.005065;-46.836241;759.0;100.97;-72.0;-80.55
273;-23.005065;-46.836241;758.8;101.0;-73.0;-80.56
274;-23.005066;-46.836241;758.7;100.97;-74.0;-80.55
275;-23.005066;-46.836241;758.6;100.99;-76.0;-80.55
276;-23.005067;-46.836241;758.5;100.95;-72.0;-80.55
277;-23.005067;-46.836242;758.2;101.09;-74.0;-80.57
278;-23.005069;-46.836243;758.0;101.12;-74.0;-80.57
279;-23.005071;-46.836244;758.0;101.12;-74.0;-80.57
280;-23.005071;-46.836244;757.9;101.13;-75.0;-80.57
281;-23.005073;-46.836245;757.9;101.13;-72.0;-80.57
282;-23.005075;-46.836246;757.7;101.16;-75.0;-80.58
283;-23.005077;-46.836247;757.6;101.17;-77.5;-80.58
284;-23.005078;-46.836247;757.6;101.12;-75.0;-80.57
285;-23.00508;-46.836248;757.4;101.16;-74.0;-80.58
286;-23.005082;-46.836248;757.2;101.1;-74.0;-80.57
287;-23.005084;-46.836249;757.0;101.13;-74.0;-80.57
288;-23.005084;-46.836249;756.9;101.15;-74.0;-80.58
289;-23.005086;-46.836249;756.7;101.09;-74.0;-80.57
290;-23.005087;-46.836249;756.5;101.08;-76.0;-80.57
291;-23.005087;-46.836249;756.5;101.08;-76.0;-80.57
292;-23.005089;-46.836248;756.1;100.98;-75.0;-80.55
293;-23.00509;-46.836248;756.1;100.93;-74.0;-80.55
294;-23.005091;-46.836247;756.1;100.79;-72.0;-80.53
295;-23.005091;-46.836247;756.1;100.79;-75.0;-80.53
296;-23.005091;-46.836246;756.1;100.7;-77.5;-80.52
297;-23.005091;-46.836246;756.1;100.7;-75.0;-80.52
298;-23.005093;-46.836245;756.0;100.54;-76.0;-80.5
299;-23.005093;-46.836245;756.1;100.52;-73.0;-80.49
300;-23.005093;-46.836245;756.4;100.46;-75.0;-80.49
301;-23.005093;-46.836245;756.5;100.44;-76.0;-80.48
302;-23.005093;-46.836245;756.6;100.42;-71.0;-80.48
303;-23.005093;-46.836245;756.5;100.44;-73.0;-80.48
304;-23.005094;-46.836245;756.7;100.36;-78.5;-80.47
305;-23.005094;-46.836245;756.7;100.36;-75.0;-80.47
306;-23.005093;-46.836244;756.9;100.28;-75.0;-80.46
307;-23.005093;-46.836245;757.1;100.33;-74.0;-80.47
308;-23.005092;-46.836244;757.3;100.25;-76.0;-80.46
309;-23.00509;-46.836244;757.4;100.32;-74.0;-80.47
310;-23.00509;-46.836244;757.4;100.32;-74.0;-80.47
311;-23.005088;-46.836244;758.3;100.26;-76.0;-80.46
312;-23.005088;-46.836243;758.5;100.13;-81.5;-80.44
313;-23.005089;-46.836243;758.6;100.07;-71.0;-80.44
314;-23.005091;-46.836243;758.2;100.05;-73.0;-80.43
315;-23.005091;-46.836243;758.0;100.08;-74.0;-80.44
316;-23.005092;-46.836244;757.8;100.16;-73.0;-80.45
317;-23.005093;-46.836245;757.5;100.26;-75.0;-80.46
318;-23.005094;-46.836246;757.4;100.32;-76.0;-80.47
319;-23.005095;-46.836246;757.2;100.31;-79.5;-80.47
320;-23.005096;-46.836247;757.1;100.38;-75.0;-80.48
321;-23.005098;-46.836247;757.2;100.27;-74.0;-80.46
322;-23.005098;-46.836248;756.9;100.42;-73.0;-80.48
323;-23.005099;-46.836249;756.7;100.5;-79.5;-80.49
324;-23.005102;-46.836249;756.8;100.35;-73.0;-80.47
325;-23.005104;-46.83625;756.7;100.37;-73.0;-80.47
326;-23.005105;-46.836251;756.8;100.4;-76.0;-80.48
327;-23.005108;-46.836251;757.1;100.21;-71.0;-80.45
328;-23.005109;-46.836253;757.2;100.33;-73.0;-80.47
329;-23.005113;-46.836255;757.9;100.22;-74.0;-80.45
330;-23.005114;-46.836261;758.4;100.64;-66.5;-80.51
331;-23.005097;-46.836299;757.7;105.02;-71.0;-81.06
332;-23.005068;-46.836362;755.4;112.51;-81.5;-81.96
333;-23.005046;-46.83644;755.1;120.73;-73.0;-82.88
334;-23.00503;-46.836484;754.3;125.64;-70.0;-83.4
335;-23.004992;-46.836574;753.7;135.73;-77.5;-84.41
336;-23.004954;-46.836649;753.3;144.41;-76.0;-85.21
337;-23.00494;-46.836673;753.6;147.2;-74.0;-85.46
338;-23.004926;-46.836706;754.1;150.81;-73.0;-85.78
339;-23.004917;-46.836728;755.0;153.13;-73.0;-85.98
340;-23.004912;-46.836733;755.1;153.8;-73.0;-86.04
341;-23.004911;-46.836736;755.2;154.11;-72.0;-86.06
342;-23.004904;-46.83675;755.4;155.7;-75.0;-86.2
343;-23.004884;-46.836794;754.6;160.78;-77.5;-86.61
344;-23.004875;-46.836821;754.5;163.7;-76.0;-86.85
345;-23.004859;-46.836875;755.2;169.34;-75.0;-87.29
346;-23.004839;-46.836929;755.2;175.26;-76.0;-87.74
347;-23.00483;-46.836971;756.0;179.48;-82.5;-88.05
348;-23.004827;-46.836989;757.6;181.13;-83.5;-88.17
349;-23.004817;-46.837022;758.7;184.55;-81.5;-88.41
350;-23.004806;-46.837052;759.1;187.81;-84.5;-88.64
351;-23.004803;-46.837062;759.3;188.86;-87.0;-88.71
352;-23.004803;-46.837062;760.5;188.76;-87.0;-88.7
353;-23.004804;-46.837061;761.4;188.56;-84.5;-88.69
354;-23.004803;-46.837061;761.9;188.56;-86.0;-88.69
355;-23.004802;-46.837061;762.1;188.59;-86.0;-88.69
356;-23.004803;-46.837061;762.3;188.54;-87.0;-88.69
357;-23.004802;-46.83706;762.3;188.49;-90.0;-88.69
358;-23.004801;-46.83706;762.4;188.52;-90.0;-88.69
359;-23.0048;-46.837059;762.3;188.48;-84.5;-88.68
360;-23.004798;-46.837058;762.2;188.48;-86.0;-88.68
361;-23.004797;-46.837057;762.2;188.43;-87.0;-88.68
362;-23.004796;-46.837056;762.0;188.39;-87.0;-88.68
363;-23.004794;-46.837056;761.9;188.49;-86.0;-88.69
364;-23.004794;-46.837055;761.9;188.39;-83.5;-88.68
365;-23.004794;-46.837054;762.0;188.29;-86.0;-88.67
366;-23.004794;-46.837054;762.0;188.29;-86.0;-88.67
367;-23.004792;-46.837052;762.5;188.16;-84.5;-88.66
368;-23.004792;-46.837051;762.5;188.07;-88.0;-88.66
369;-23.004791;-46.837051;762.5;188.11;-86.0;-88.66
370;-23.004791;-46.837051;762.5;188.11;-86.0;-88.66
371;-23.004792;-46.837049;762.2;187.9;-88.0;-88.64
372;-23.004792;-46.837049;762.2;187.9;-82.5;-88.64
373;-23.004792;-46.837048;762.2;187.81;-86.0;-88.64
374;-23.004791;-46.837047;762.2;187.76;-88.0;-88.63
375;-23.004792;-46.837048;762.2;187.81;-87.0;-88.64
376;-23.004792;-46.837048;762.2;187.81;-87.0;-88.64
377;-23.004792;-46.837048;762.1;187.81;-83.5;-88.64
378;-23.004793;-46.837048;762.0;187.78;-83.5;-88.64
379;-23.004792;-46.837048;761.9;187.83;-87.0;-88.64
380;-23.004793;-46.837048;761.9;187.78;-91.0;-88.64
381;-23.004793;-46.837048;761.8;187.79;-86.0;-88.64
382;-23.004793;-46.837048;761.8;187.79;-84.5;-88.64
383;-23.004793;-46.837048;761.9;187.78;-86.0;-88.64
384;-23.004794;-46.837047;762.0;187.64;-89.0;-88.63
385;-23.004794;-46.837047;762.0;187.64;-83.5;-88.63
386;-23.004795;-46.837047;762.0;187.59;-83.5;-88.62
387;-23.004795;-46.837047;762.0;187.59;-87.0;-88.62
388;-23.004795;-46.837047;762.0;187.59;-87.0;-88.62
389;-23.004794;-46.837047;761.8;187.65;-84.5;-88.63
390;-23.004796;-46.837048;762.0;187.64;-86.0;-88.63
391;-23.004796;-46.837048;762.2;187.63;-88.0;-88.63
392;-23.004797;-46.837049;762.3;187.67;-87.0;-88.63
393;-23.004798;-46.83705;762.3;187.72;-82.5;-88.63
394;-23.004798;-46.83705;762.2;187.73;-88.0;-88.63
395;-23.004798;-46.83705;762.2;187.73;-84.5;-88.63
396;-23.004798;-46.83705;761.9;187.75;-82.5;-88.63
397;-23.004799;-46.83705;761.6;187.73;-87.0;-88.63
398;-23.004799;-46.837049;761.5;187.64;-84.5;-88.63
399;-23.004799;-46.837049;761.3;187.66;-86.0;-88.63
400;-23.004799;-46.837048;761.2;187.57;-88.0;-88.62
401;-23.004798;-46.837048;760.9;187.64;-83.5;-88.63
402;-23.004798;-46.837048;760.7;187.65;-86.0;-88.63
403;-23.004796;-46.837049;760.1;187.88;-87.0;-88.64
404;-23.004795;-46.837048;760.0;187.84;-84.5;-88.64
405;-23.004796;-46.837049;759.6;187.92;-88.0;-88.65
406;-23.004796;-46.83705;759.5;188.03;-86.0;-88.65
407;-23.004795;-46.83705;759.1;188.1;-81.5;-88.66
408;-23.004796;-46.83705;758.9;188.08;-84.5;-88.66
409;-23.004796;-46.83705;758.8;188.09;-88.0;-88.66
410;-23.004796;-46.83705;758.7;188.09;-98.5;-88.66
411;-23.004796;-46.83705;758.5;188.11;-88.0;-88.66
412;-23.004796;-46.83705;758.4;188.12;-87.0;-88.66
413;-23.004796;-46.83705;758.4;188.12;-87.0;-88.66
414;-23.004793;-46.837048;758.0;188.1;-87.0;-88.66
415;-23.004792;-46.837048;757.7;188.18;-88.0;-88.66
416;-23.004792;-46.837047;757.7;188.08;-88.0;-88.66
417;-23.004791;-46.837047;757.6;188.14;-83.5;-88.66
418;-23.004791;-46.837046;757.5;188.05;-84.5;-88.66
419;-23.004791;-46.837045;757.7;187.94;-97.5;-88.65
420;-23.004788;-46.837045;757.2;188.12;-91.0;-88.66
421;-23.004788;-46.837045;757.2;188.12;-87.0;-88.66
422;-23.004784;-46.837045;756.5;188.37;-90.0;-88.68
423;-23.004781;-46.837045;755.8;188.57;-84.5;-88.69
424;-23.004781;-46.837045;755.9;188.56;-83.5;-88.69
425;-23.00478;-46.837044;755.8;188.53;-86.0;-88.69
426;-23.004781;-46.837043;756.1;188.36;-86.0;-88.68
427;-23.004781;-46.837042;756.5;188.22;-84.5;-88.67
428;-23.004779;-46.837041;756.6;188.21;-89.0;-88.67
429;-23.004779;-46.837041;756.5;188.22;-88.0;-88.67
430;-23.004778;-46.837041;756.5;188.27;-88.0;-88.67
431;-23.004777;-46.83704;756.7;188.2;-86.0;-88.67
432;-23.004776;-46.83704;756.6;188.25;-89.0;-88.67
433;-23.004775;-46.83704;756.8;188.28;-90.0;-88.67
434;-23.004776;-46.837039;757.1;188.11;-86.0;-88.66
435;-23.004775;-46.837039;757.3;188.14;-91.0;-88.66
436;-23.004773;-46.837039;757.0;188.26;-93.5;-88.67
437;-23.004776;-46.837038;757.7;187.96;-84.5;-88.65
438;-23.004776;-46.837037;757.9;187.85;-94.5;-88.64
439;-23.004772;-46.837039;757.7;188.23;-86.0;-88.67
440;-23.00477;-46.83704;757.0;188.49;-95.5;-88.69
441;-23.004767;-46.837042;756.6;188.85;-90.0;-88.71
442;-23.004757;-46.837047;754.6;189.98;-89.0;-88.79
443;-23.004754;-46.837048;754.0;190.28;-86.0;-88.81
444;-23.004753;-46.83705;753.9;190.52;-87.0;-88.82
445;-23.004753;-46.837051;754.1;190.59;-87.0;-88.83
446;-23.004754;-46.837052;754.2;190.62;-89.0;-88.83
447;-23.004754;-46.837052;754.3;190.61;-98.5;-88.83
448;-23.004755;-46.837052;754.5;190.54;-88.0;-88.83
449;-23.004757;-46.837053;754.9;190.5;-84.5;-88.82
450;-23.004756;-46.837054;754.7;190.66;-89.0;-88.83
451;-23.004757;-46.837054;755.1;190.57;-91.0;-88.83
452;-23.004757;-46.837054;755.4;190.54;-88.0;-88.83
453;-23.004757;-46.837055;755.6;190.61;-88.0;-88.83
454;-23.004756;-46.837055;755.6;190.66;-90.0;-88.83
455;-23.004756;-46.837055;755.6;190.66;-96.5;-88.83
456;-23.004758;-46.837055;755.7;190.56;-84.5;-88.83
457;-23.004758;-46.837055;755.6;190.57;-89.0;-88.83
458;-23.004758;-46.837055;755.6;190.57;-89.0;-88.83
459;-23.00476;-46.837055;755.3;190.51;-87.0;-88.82
460;-23.004761;-46.837055;755.1;190.48;-86.0;-88.82
461;-23.004763;-46.837054;755.2;190.29;-86.0;-88.81
462;-23.004764;-46.837054;755.3;190.23;-86.0;-88.81
463;-23.004765;-46.837054;755.3;190.19;-87.0;-88.8
464;-23.004768;-46.837053;755.7;189.91;-86.0;-88.78
465;-23.00477;-46.837054;755.7;189.92;-84.5;-88.78
466;-23.00477;-46.837059;755.7;190.38;-76.0;-88.82
467;-23.004771;-46.837084;756.0;192.63;-76.0;-88.97
468;-23.004767;-46.837131;756.4;197.16;-77.5;-89.27
469;-23.00476;-46.837162;756.2;200.39;-83.5;-89.48
470;-23.00474;-46.837236;756.3;208.18;-82.5;-89.98
471;-23.004704;-46.837325;755.6;218.15;-80.5;-90.59
472;-23.004676;-46.837411;755.0;227.49;-86.0;-91.14
473;-23.004664;-46.837449;755.3;231.55;-79.5;-91.37
474;-23.004642;-46.837521;754.9;239.3;-82.5;-91.8
475;-23.004615;-46.837594;754.2;247.38;-84.5;-92.23
476;-23.004579;-46.837668;753.8;255.92;-89.0;-92.67
477;-23.00456;-46.837709;753.2;260.64;-87.0;-92.91
478;-23.00453;-46.837788;752.8;269.39;-95.5;-93.34
479;-23.004512;-46.837851;752.7;276.09;-96.5;-93.66
480;-23.004505;-46.837872;752.6;278.38;-97.5;-93.77
481;-23.004497;-46.837901;753.3;281.39;-89.0;-93.91
482;-23.004491;-46.837917;753.0;283.18;-97.5;-93.99
483;-23.004488;-46.83792;752.3;283.65;-91.0;-94.01
484;-23.004488;-46.837921;752.3;283.74;-94.5;-94.01
485;-23.004485;-46.837922;751.9;284.0;-91.0;-94.03
486;-23.004484;-46.837924;751.8;284.23;-91.0;-94.04
487;-23.004483;-46.837925;751.8;284.37;-91.0;-94.04
488;-23.004483;-46.837925;751.6;284.39;-95.5;-94.04
489;-23.004482;-46.837927;751.3;284.64;-92.0;-94.06
490;-23.004482;-46.837928;751.2;284.75;-91.0;-94.06
491;-23.004482;-46.837929;751.2;284.84;-90.0;-94.06
492;-23.004481;-46.83793;751.0;284.99;-90.0;-94.07
493;-23.004481;-46.83793;750.9;285.0;-91.0;-94.07
494;-23.00448;-46.837931;750.6;285.17;-91.0;-94.08
495;-23.00448;-46.837932;750.4;285.28;-93.5;-94.08
496;-23.004479;-46.837933;750.0;285.45;-92.0;-94.09
497;-23.004478;-46.837934;749.5;285.63;-91.0;-94.1
498;-23.004478;-46.837935;749.3;285.74;-89.0;-94.11
499;-23.004478;-46.837936;748.9;285.87;-91.0;-94.11
500;-23.004478;-46.837937;748.6;286.0;-92.0;-94.12
501;-23.004478;-46.837938;748.5;286.1;-93.5;-94.12
502;-23.004478;-46.837938;748.5;286.1;-93.5;-94.12
503;-23.004478;-46.837938;748.5;286.1;-93.5;-94.12
504;-23.004482;-46.837945;748.2;286.62;-95.5;-94.15
505;-23.004483;-46.837946;748.2;286.67;-95.5;-94.15
506;-23.004483;-46.837946;748.3;286.66;-90.0;-94.15
507;-23.004483;-46.837946;748.6;286.63;-90.0;-94.15
508;-23.004483;-46.837947;748.8;286.71;-90.0;-94.15
509;-23.004482;-46.837947;748.9;286.74;-91.0;-94.15
510;-23.004482;-46.837947;749.0;286.73;-88.0;-94.15
511;-23.004481;-46.837946;749.2;286.66;-89.0;-94.15
512;-23.00448;-46.837947;749.3;286.79;-88.0;-94.15
513;-23.00448;-46.837947;749.4;286.78;-93.5;-94.15
514;-23.004479;-46.837948;749.3;286.92;-91.0;-94.16
515;-23.004479;-46.837949;749.2;287.03;-90.0;-94.16
516;-23.004479;-46.83795;749.2;287.12;-89.0;-94.17
517;-23.004479;-46.83795;749.3;287.11;-91.0;-94.17
518;-23.004479;-46.83795;749.6;287.08;-90.0;-94.17
519;-23.004479;-46.83795;749.8;287.07;-88.0;-94.17
520;-23.00448;-46.837951;749.8;287.12;-90.0;-94.17
521;-23.004481;-46.837951;749.9;287.07;-91.0;-94.17
522;-23.004482;-46.837951;750.0;287.02;-92.0;-94.16
523;-23.004482;-46.837951;750.1;287.01;-92.0;-94.16
524;-23.004482;-46.837951;750.1;287.01;-90.0;-94.16
525;-23.004483;-46.837951;749.9;286.98;-90.0;-94.16
526;-23.004482;-46.837951;749.7;287.04;-90.0;-94.17
527;-23.004482;-46.837951;749.6;287.05;-91.0;-94.17
528;-23.004482;-46.837951;749.5;287.06;-90.0;-94.17
529;-23.004482;-46.83795;749.4;286.98;-90.0;-94.16
530;-23.004482;-46.83795;749.2;286.99;-88.0;-94.16
531;-23.004483;-46.83795;749.0;286.97;-90.0;-94.16
532;-23.004483;-46.83795;748.9;286.98;-91.0;-94.16
533;-23.004483;-46.83795;748.7;287.0;-94.5;-94.16
534;-23.004483;-46.837949;748.6;286.91;-91.0;-94.16
535;-23.004482;-46.837948;748.6;286.86;-88.0;-94.16
536;-23.004482;-46.837948;748.7;286.85;-89.0;-94.16
537;-23.004479;-46.837945;748.8;286.69;-88.0;-94.15
538;-23.004477;-46.837944;748.9;286.67;-93.5;-94.15
539;-23.004477;-46.837944;748.9;286.67;-93.5;-94.15
540;-23.004473;-46.837942;749.1;286.63;-89.0;-94.15
541;-23.004471;-46.837941;749.2;286.62;-90.0;-94.15
542;-23.004469;-46.837941;749.2;286.7;-89.0;-94.15
543;-23.004469;-46.837941;749.3;286.69;-88.0;-94.15
544;-23.004468;-46.83794;749.5;286.62;-96.5;-94.15
545;-23.004468;-46.837941;749.6;286.71;-87.0;-94.15
546;-23.004468;-46.83794;749.7;286.61;-90.0;-94.15
547;-23.004468;-46.837941;749.7;286.7;-93.5;-94.15
548;-23.004468;-46.837941;749.8;286.69;-89.0;-94.15
549;-23.004467;-46.837941;749.8;286.73;-93.5;-94.15
550;-23.004467;-46.837941;749.7;286.74;-90.0;-94.15
551;-23.004466;-46.837942;749.7;286.88;-88.0;-94.16
552;-23.004466;-46.837943;749.5;286.99;-94.5;-94.16
553;-23.004466;-46.837943;749.2;287.02;-89.0;-94.16
554;-23.004466;-46.837944;749.1;287.12;-93.5;-94.17
555;-23.004466;-46.837944;748.9;287.14;-98.5;-94.17
556;-23.004466;-46.837944;748.6;287.17;-89.0;-94.17
557;-23.004466;-46.837945;748.6;287.26;-88.0;-94.18
558;-23.004466;-46.837945;748.4;287.28;-91.0;-94.18
559;-23.004467;-46.837946;748.1;287.36;-105.5;-94.18
560;-23.004468;-46.837947;747.8;287.44;-89.0;-94.18
561;-23.004468;-46.837948;747.6;287.55;-93.5;-94.19
562;-23.004468;-46.837948;747.2;287.59;-93.5;-94.19
563;-23.004467;-46.837948;747.1;287.64;-95.5;-94.19
564;-23.004467;-46.837949;746.9;287.76;-94.5;-94.2
565;-23.004467;-46.837949;746.8;287.77;-91.0;-94.2
566;-23.004468;-46.837949;746.9;287.72;-92.0;-94.2
567;-23.004469;-46.837949;746.9;287.67;-92.0;-94.19
568;-23.004469;-46.837949;747.0;287.66;-90.0;-94.19
569;-23.004469;-46.837949;747.0;287.66;-90.0;-94.19
570;-23.004469;-46.837949;747.1;287.65;-93.5;-94.19
571;-23.004469;-46.837949;747.2;287.64;-90.0;-94.19
572;-23.004468;-46.837949;747.2;287.69;-87.0;-94.19
573;-23.004468;-46.837949;747.2;287.69;-90.0;-94.19
574;-23.004468;-46.837949;747.2;287.69;-90.0;-94.19
575;-23.004467;-46.837949;747.3;287.72;-91.0;-94.2
576;-23.004467;-46.837949;747.3;287.72;-89.0;-94.2
577;-23.004467;-46.837949;747.6;287.69;-91.0;-94.19
578;-23.004466;-46.837948;747.7;287.63;-88.0;-94.19
579;-23.004466;-46.837947;748.0;287.51;-90.0;-94.19
580;-23.004465;-46.837946;748.1;287.45;-92.0;-94.18
581;-23.004465;-46.837946;748.4;287.42;-106.5;-94.18
582;-23.004464;-46.837945;748.5;287.36;-92.0;-94.18
583;-23.004463;-46.837945;748.5;287.4;-90.0;-94.18
584;-23.004463;-46.837945;748.6;287.39;-93.5;-94.18
585;-23.004462;-46.837944;748.6;287.34;-88.0;-94.18
586;-23.004461;-46.837943;748.6;287.29;-90.0;-94.18
587;-23.00446;-46.837941;748.5;287.15;-92.0;-94.17
588;-23.00446;-46.83794;748.4;287.07;-91.0;-94.17
589;-23.004459;-46.837939;748.2;287.04;-90.0;-94.17
590;-23.004459;-46.837938;748.0;286.96;-92.0;-94.16
591;-23.004458;-46.837938;748.0;287.01;-92.0;-94.16
592;-23.004457;-46.837937;747.9;286.97;-94.5;-94.16
593;-23.004457;-46.837936;747.8;286.88;-92.0;-94.16
594;-23.004457;-46.837936;747.7;286.89;-92.0;-94.16
595;-23.004458;-46.837937;747.5;286.96;-91.0;-94.16
596;-23.004459;-46.837937;747.5;286.92;-91.0;-94.16
597;-23.004461;-46.837938;747.4;286.94;-92.0;-94.16
598;-23.004462;-46.837938;747.3;286.9;-93.5;-94.16
599;-23.004462;-46.837938;747.2;286.91;-95.5;-94.16
600;-23.004463;-46.837938;747.0;286.89;-93.5;-94.16
601;-23.004463;-46.837938;746.8;286.91;-95.5;-94.16
602;-23.004462;-46.83794;746.7;287.15;-92.0;-94.17
603;-23.004459;-46.837954;746.6;288.6;-87.0;-94.24
604;-23.004451;-46.837992;746.8;292.49;-86.0;-94.41
605;-23.004437;-46.838051;746.9;298.62;-86.0;-94.68
606;-23.004418;-46.838123;748.3;306.08;-86.0;-95.0
607;-23.004407;-46.83816;748.6;310.01;-88.0;-95.17
608;-23.004385;-46.838233;749.1;317.78;-93.5;-95.49
609;-23.004362;-46.838307;749.4;325.7;-96.5;-95.81
610;-23.004344;-46.838379;749.9;333.22;-93.5;-96.11
611;-23.004335;-46.838415;750.9;336.93;-91.0;-96.25
612;-23.004312;-46.838489;751.0;344.88;-89.0;-96.56
613;-23.00429;-46.838559;751.4;352.4;-92.0;-96.84
614;-23.00428;-46.838594;751.6;356.11;-90.0;-96.97
615;-23.004259;-46.838655;752.6;362.7;-94.5;-97.21
616;-23.00424;-46.838719;753.2;369.52;-91.0;-97.46
617;-23.004227;-46.838783;753.6;376.1;-93.5;-97.69
618;-23.004218;-46.838813;754.4;379.28;-90.0;-97.8
619;-23.0042;-46.83887;754.8;385.41;-90.0;-98.0
620;-23.004181;-46.838915;754.8;390.46;-88.0;-98.17
621;-23.004174;-46.838929;754.7;392.08;-88.0;-98.23
622;-23.004165;-46.838949;754.7;394.35;-88.0;-98.3
623;-23.00416;-46.838955;754.7;395.13;-87.0;-98.33
624;-23.004156;-46.838954;754.4;395.21;-87.0;-98.33
625;-23.004154;-46.838954;754.2;395.3;-86.0;-98.33
626;-23.00415;-46.838956;754.1;395.66;-88.0;-98.35
627;-23.004142;-46.838978;754.1;398.08;-86.0;-98.43
628;-23.004134;-46.839009;754.3;401.34;-90.0;-98.53
629;-23.004129;-46.839023;754.6;402.86;-91.0;-98.58
630;-23.004121;-46.839054;754.4;406.14;-94.5;-98.69
631;-23.004112;-46.839083;754.2;409.28;-92.0;-98.79
632;-23.00411;-46.839095;754.1;410.51;-91.0;-98.83
633;-23.004106;-46.839113;754.5;412.36;-93.5;-98.89
634;-23.004104;-46.839118;754.8;412.9;-93.5;-98.9
635;-23.004103;-46.839119;754.8;413.04;-91.0;-98.91
636;-23.004103;-46.839118;755.1;412.93;-91.0;-98.9
637;-23.004104;-46.839117;755.2;412.79;-92.0;-98.9
638;-23.004106;-46.839117;755.9;412.67;-92.0;-98.89
639;-23.004105;-46.839116;756.1;412.61;-93.5;-98.89
640;-23.004105;-46.839117;756.5;412.68;-93.5;-98.9
641;-23.004103;-46.839117;756.8;412.75;-90.0;-98.9
642;-23.004105;-46.839115;758.2;412.42;-92.0;-98.89
643;-23.004107;-46.839114;759.0;412.21;-91.0;-98.88
644;-23.004107;-46.839112;760.1;411.98;-92.0;-98.87
645;-23.00411;-46.839109;762.0;411.5;-93.5;-98.86
646;-23.004107;-46.839108;762.0;411.53;-93.5;-98.86
647;-23.004106;-46.839106;762.8;411.36;-94.5;-98.85
648;-23.004104;-46.839106;762.9;411.43;-90.0;-98.86
649;-23.004101;-46.839103;763.8;411.25;-92.0;-98.85
650;-23.004101;-46.839103;764.3;411.23;-91.0;-98.85
651;-23.004101;-46.839103;764.6;411.22;-91.0;-98.85
652;-23.004098;-46.839102;764.9;411.24;-93.5;-98.85
653;-23.004098;-46.839102;764.9;411.24;-90.0;-98.85
654;-23.004098;-46.839102;765.4;411.23;-92.0;-98.85
655;-23.004099;-46.839103;765.5;411.28;-91.0;-98.85
656;-23.0041;-46.839104;765.4;411.34;-92.0;-98.85
657;-23.004102;-46.839106;765.2;411.45;-94.5;-98.86
658;-23.004105;-46.839106;764.8;411.34;-92.0;-98.85
659;-23.004105;-46.839107;764.9;411.43;-92.0;-98.86
660;-23.004104;-46.839106;765.3;411.37;-92.0;-98.85
661;-23.004104;-46.839107;765.3;411.46;-95.5;-98.86
662;-23.004102;-46.839105;765.7;411.35;-92.0;-98.85
663;-23.004102;-46.839105;766.0;411.34;-92.0;-98.85
664;-23.004102;-46.839104;765.9;411.25;-92.0;-98.85
665;-23.004101;-46.839104;766.3;411.28;-93.5;-98.85
666;-23.004102;-46.839104;766.2;411.24;-92.0;-98.85
667;-23.0041;-46.839103;766.5;411.22;-92.0;-98.85
668;-23.004099;-46.8391;766.4;410.98;-93.5;-98.84
669;-23.004098;-46.8391;766.6;411.01;-92.0;-98.84
670;-23.004095;-46.839097;766.6;410.85;-92.0;-98.84
671;-23.004093;-46.839095;766.9;410.74;-90.0;-98.83
672;-23.004094;-46.839095;766.9;410.7;-91.0;-98.83
673;-23.004091;-46.839093;767.2;410.63;-89.0;-98.83
674;-23.004089;-46.839092;767.2;410.61;-91.0;-98.83
675;-23.004088;-46.83909;767.1;410.47;-91.0;-98.83
676;-23.00409;-46.83909;767.0;410.39;-92.0;-98.82
677;-23.004094;-46.839089;766.9;410.13;-90.0;-98.81
678;-23.004099;-46.839088;767.4;409.82;-93.5;-98.8
679;-23.004099;-46.839085;768.0;409.52;-91.0;-98.8
680;-23.004097;-46.839081;768.4;409.22;-93.5;-98.79
681;-23.004099;-46.839081;768.7;409.13;-92.0;-98.78
682;-23.004102;-46.839079;769.6;408.8;-94.5;-98.77
683;-23.004101;-46.839077;770.7;408.64;-92.0;-98.77
684;-23.004102;-46.839077;771.0;408.59;-93.5;-98.77
685;-23.004098;-46.839074;772.0;408.46;-93.5;-98.76
686;-23.004095;-46.839072;772.5;408.39;-92.0;-98.76
687;-23.004093;-46.839071;773.1;408.38;-92.0;-98.76
688;-23.004092;-46.839072;773.2;408.51;-92.0;-98.76
689;-23.004091;-46.839071;773.7;408.46;-94.5;-98.76
690;-23.004091;-46.83907;774.1;408.36;-93.5;-98.76
691;-23.004092;-46.83907;774.5;408.32;-92.0;-98.76
692;-23.004093;-46.83907;774.5;408.28;-91.0;-98.76
693;-23.004097;-46.83907;774.8;408.11;-93.5;-98.75
694;-23.004102;-46.839071;774.8;408.0;-92.0;-98.75
695;-23.004106;-46.839072;774.7;407.93;-94.5;-98.74
696;-23.004108;-46.839072;774.3;407.85;-91.0;-98.74
697;-23.004112;-46.839072;774.3;407.68;-92.0;-98.74
698;-23.004116;-46.839073;774.4;407.61;-92.0;-98.73
699;-23.004119;-46.839072;774.8;407.4;-92.0;-98.73
700;-23.004127;-46.839071;775.9;406.97;-93.5;-98.71
701;-23.004131;-46.839074;775.6;407.1;-92.0;-98.72
702;-23.004132;-46.839075;775.3;407.15;-92.0;-98.72
703;-23.004134;-46.839074;776.4;406.98;-91.0;-98.71
704;-23.004133;-46.839075;776.6;407.11;-91.0;-98.72
705;-23.004135;-46.839075;777.2;407.03;-92.0;-98.72
706;-23.004132;-46.839077;776.9;407.35;-92.0;-98.73
707;-23.004131;-46.839078;776.4;407.48;-91.0;-98.73
708;-23.004128;-46.839079;776.0;407.7;-93.5;-98.74
709;-23.004126;-46.839078;776.4;407.68;-92.0;-98.74
710;-23.004125;-46.839077;776.4;407.63;-94.5;-98.73
711;-23.004122;-46.839077;776.1;407.75;-91.0;-98.74
712;-23.004118;-46.839081;774.7;408.29;-90.0;-98.76
713;-23.004118;-46.839085;773.7;408.68;-90.0;-98.77
714;-23.004118;-46.839088;773.1;408.97;-93.5;-98.78
715;-23.004118;-46.839091;772.2;409.26;-92.0;-98.79
716;-23.00412;-46.839093;771.9;409.37;-91.0;-98.79
717;-23.004121;-46.839094;771.5;409.43;-92.0;-98.79
718;-23.004122;-46.839094;771.3;409.39;-90.0;-98.79
719;-23.004124;-46.839095;770.8;409.41;-91.0;-98.79
720;-23.004124;-46.839095;770.5;409.41;-91.0;-98.79
721;-23.004125;-46.839095;770.3;409.37;-93.5;-98.79
722;-23.004124;-46.839094;770.1;409.32;-93.5;-98.79
723;-23.004124;-46.839093;770.0;409.23;-95.5;-98.79
724;-23.004124;-46.839093;769.7;409.23;-96.5;-98.79
725;-23.004124;-46.839093;769.5;409.23;-94.5;-98.79
726;-23.004124;-46.839092;769.4;409.14;-96.5;-98.78
727;-23.004125;-46.839091;769.5;409.0;-93.5;-98.78
728;-23.004125;-46.839089;769.6;408.81;-96.5;-98.77
729;-23.004123;-46.839087;769.7;408.7;-94.5;-98.77
730;-23.004124;-46.839087;770.1;408.65;-97.5;-98.77
731;-23.004121;-46.839084;770.2;408.49;-94.5;-98.76
732;-23.004119;-46.839083;770.4;408.47;-95.5;-98.76
733;-23.004118;-46.839082;770.4;408.42;-91.0;-98.76
734;-23.004117;-46.839081;770.5;408.36;-93.5;-98.76
735;-23.004117;-46.83908;770.8;408.26;-92.0;-98.76
736;-23.00412;-46.839079;771.1;408.04;-95.5;-98.75
737;-23.004122;-46.839079;771.7;407.96;-94.5;-98.75
738;-23.004125;-46.839081;771.8;408.02;-94.5;-98.75
739;-23.00413;-46.839081;772.3;407.82;-93.5;-98.74
740;-23.004133;-46.839081;772.4;407.69;-95.5;-98.74
741;-23.004134;-46.839081;772.7;407.65;-97.5;-98.74
742;-23.004134;-46.839081;772.4;407.65;-91.0;-98.74
743;-23.004134;-46.839083;772.6;407.84;-90.0;-98.74
744;-23.004134;-46.839086;772.6;408.13;-90.0;-98.75
745;-23.004136;-46.839089;772.5;408.34;-90.0;-98.76
746;-23.004135;-46.83909;772.5;408.47;-93.5;-98.76
747;-23.004135;-46.83909;772.5;408.47;-93.5;-98.76
748;-23.00414;-46.839104;773.8;409.6;-89.0;-98.8
749;-23.004139;-46.839111;774.3;410.31;-84.5;-98.82
750;-23.004143;-46.839151;773.0;413.98;-88.0;-98.94
751;-23.004125;-46.839215;769.3;420.85;-86.0;-99.15
752;-23.004116;-46.83925;768.4;424.57;-95.5;-99.27
753;-23.004086;-46.839328;766.9;433.24;-92.0;-99.53
754;-23.004058;-46.839416;766.1;442.78;-96.5;-99.81
755;-23.004031;-46.839516;765.5;453.43;-92.0;-100.12
756;-23.004016;-46.839565;764.6;458.73;-93.5;-100.27
757;-23.003983;-46.839658;763.6;468.95;-94.5;-100.56
758;-23.00395;-46.839744;763.1;478.49;-96.5;-100.82
759;-23.003923;-46.839831;762.7;487.89;-93.5;-101.08
760;-23.003912;-46.839871;762.7;492.15;-96.5;-101.19
761;-23.003889;-46.839927;761.9;498.44;-96.5;-101.36
762;-23.003869;-46.839966;761.6;502.96;-101.5;-101.47
763;-23.00386;-46.839984;761.5;505.04;-103.0;-101.53
764;-23.003855;-46.840007;761.0;507.45;-103.5;-101.59
765;-23.003856;-46.84001;760.9;507.7;-101.0;-101.6
766;-23.003858;-46.840002;760.4;506.87;-101.0;-101.57
767;-23.003858;-46.840002;760.4;506.87;-101.0;-101.57
768;-23.003865;-46.83998;759.5;504.52;-104.5;-101.51
769;-23.003868;-46.839971;759.5;503.54;-106.0;-101.49
770;-23.003871;-46.839963;759.5;502.66;-107.0;-101.47
771;-23.003871;-46.839963;759.3;502.66;-102.5;-101.47
772;-23.003871;-46.839963;759.1;502.67;-104.5;-101.47
773;-23.003873;-46.839962;759.3;502.49;-103.0;-101.46
774;-23.003873;-46.839963;759.2;502.59;-101.5;-101.46
775;-23.003875;-46.839963;759.4;502.5;-105.5;-101.46
776;-23.003877;-46.839962;759.8;502.32;-104.0;-101.46
777;-23.00388;-46.83996;760.5;501.99;-100.0;-101.45
778;-23.003884;-46.839958;761.5;501.61;-101.5;-101.44
779;-23.003889;-46.839956;762.7;501.19;-102.5;-101.43
780;-23.003889;-46.839958;762.3;501.4;-99.5;-101.43
781;-23.003889;-46.839958;762.6;501.39;-102.0;-101.43
782;-23.003889;-46.839958;762.1;501.4;-103.5;-101.43
783;-23.003891;-46.839957;762.6;501.21;-94.5;-101.43
784;-23.00389;-46.839959;762.2;501.45;-104.0;-101.43
785;-23.003891;-46.839958;762.3;501.32;-101.5;-101.43
786;-23.003892;-46.839958;762.5;501.27;-103.5;-101.43
787;-23.003894;-46.839958;762.7;501.19;-99.5;-101.43
788;-23.003894;-46.83996;762.4;501.39;-99.5;-101.43
789;-23.003894;-46.839961;762.1;501.49;-103.5;-101.43
790;-23.003894;-46.839964;761.7;501.79;-102.5;-101.44
791;-23.003893;-46.839966;761.1;502.04;-99.5;-101.45
792;-23.003892;-46.839966;760.4;502.1;-100.5;-101.45
793;-23.003892;-46.839966;760.2;502.11;-104.5;-101.45
794;-23.003889;-46.839965;759.4;502.15;-101.5;-101.45
795;-23.003887;-46.839963;758.9;502.05;-102.0;-101.45
796;-23.003885;-46.839962;758.2;502.06;-106.0;-101.45
797;-23.003885;-46.839962;758.1;502.06;-105.0;-101.45
798;-23.003883;-46.839963;757.6;502.25;-105.5;-101.45
799;-23.003881;-46.839965;757.0;502.54;-102.0;-101.46
800;-23.003879;-46.839965;756.5;502.64;-100.0;-101.46
801;-23.003877;-46.839963;756.2;502.54;-103.0;-101.46
802;-23.003876;-46.83996;756.1;502.29;-105.5;-101.46
803;-23.003875;-46.839956;756.4;501.94;-102.0;-101.45
804;-23.003874;-46.839954;756.5;501.78;-103.0;-101.44
805;-23.003873;-46.839954;756.5;501.82;-103.5;-101.44
806;-23.003872;-46.839953;756.4;501.77;-104.0;-101.44
807;-23.00387;-46.83995;756.4;501.56;-103.0;-101.44
808;-23.003868;-46.839948;756.5;501.44;-103.0;-101.43
809;-23.003867;-46.839947;756.6;501.38;-101.5;-101.43
810;-23.003866;-46.839946;756.9;501.32;-102.0;-101.43
811;-23.003865;-46.839945;757.1;501.25;-104.0;-101.43
812;-23.003865;-46.839943;757.2;501.06;-106.0;-101.42
813;-23.003865;-46.839944;757.4;501.15;-103.0;-101.43
814;-23.003864;-46.839943;757.3;501.09;-100.5;-101.42
815;-23.003864;-46.839943;757.4;501.09;-105.0;-101.42
816;-23.003864;-46.839943;757.4;501.09;-105.0;-101.42
817;-23.003862;-46.83994;757.6;500.88;-102.5;-101.42
818;-23.003861;-46.83994;757.7;500.91;-101.5;-101.42
819;-23.003861;-46.839939;757.7;500.82;-99.5;-101.42
820;-23.003861;-46.839938;757.8;500.72;-99.5;-101.41
821;-23.00386;-46.839938;757.8;500.76;-95.5;-101.42
822;-23.003859;-46.839937;757.7;500.7;-95.5;-101.41
823;-23.003859;-46.839936;757.7;500.61;-102.0;-101.41
824;-23.003858;-46.839936;757.7;500.65;-100.0;-101.41
825;-23.003858;-46.839937;757.9;500.74;-100.5;-101.42
826;-23.003856;-46.839937;757.8;500.82;-98.5;-101.42
827;-23.003855;-46.839936;757.8;500.76;-94.5;-101.42
828;-23.003854;-46.839936;757.7;500.81;-102.0;-101.42
829;-23.003852;-46.839935;757.6;500.8;-101.0;-101.42
830;-23.003851;-46.839934;757.6;500.74;-100.0;-101.42
831;-23.003851;-46.839933;757.6;500.64;-103.0;-101.41
832;-23.003851;-46.839933;758.0;500.63;-101.0;-101.41
833;-23.003852;-46.839933;758.0;500.59;-101.0;-101.41
834;-23.003852;-46.839933;758.2;500.58;-104.0;-101.41
835;-23.003852;-46.839932;758.2;500.49;-102.0;-101.41
836;-23.003851;-46.83993;758.2;500.34;-103.5;-101.4
837;-23.00385;-46.839928;758.5;500.18;-101.5;-101.4
838;-23.003849;-46.839927;758.5;500.12;-101.5;-101.4
839;-23.003849;-46.839926;758.6;500.02;-99.5;-101.4
840;-23.003848;-46.839925;758.7;499.96;-101.0;-101.39
841;-23.003847;-46.839923;758.7;499.81;-101.5;-101.39
842;-23.003847;-46.839922;758.9;499.71;-102.0;-101.39
843;-23.003846;-46.839921;759.0;499.65;-101.5;-101.39
844;-23.003846;-46.83992;759.3;499.55;-101.0;-101.38
845;-23.003845;-46.839918;759.5;499.39;-104.5;-101.38
846;-23.003845;-46.839917;759.6;499.29;-105.0;-101.38
847;-23.003845;-46.839916;759.8;499.19;-102.0;-101.37
848;-23.003845;-46.839915;759.7;499.1;-101.5;-101.37
849;-23.003845;-46.839913;759.8;498.9;-100.0;-101.37
850;-23.003845;-46.839912;759.6;498.81;-96.5;-101.37
851;-23.003845;-46.839912;759.5;498.82;-96.5;-101.37
852;-23.003846;-46.839912;759.5;498.78;-101.0;-101.36
853;-23.003847;-46.839912;759.5;498.74;-96.5;-101.36
854;-23.003847;-46.839913;759.5;498.83;-96.5;-101.37
855;-23.003848;-46.839913;759.4;498.79;-101.5;-101.36
856;-23.003848;-46.839913;759.3;498.8;-102.5;-101.36
857;-23.003848;-46.839912;759.1;498.71;-100.0;-101.36
858;-23.003849;-46.839912;759.0;498.67;-101.5;-101.36
859;-23.003849;-46.839913;758.7;498.78;-100.5;-101.36
860;-23.003848;-46.839913;758.3;498.83;-103.5;-101.37
861;-23.003847;-46.839914;758.2;498.97;-99.5;-101.37
862;-23.003847;-46.839914;757.8;498.98;-102.5;-101.37
863;-23.003848;-46.839912;758.1;498.74;-101.5;-101.36
864;-23.003849;-46.83991;758.5;498.5;-100.5;-101.36
865;-23.003847;-46.83991;758.4;498.58;-102.5;-101.36
866;-23.00385;-46.839908;758.9;498.25;-96.5;-101.35
867;-23.003851;-46.839908;759.1;498.21;-103.0;-101.35
868;-23.003853;-46.83991;759.3;498.31;-105.5;-101.35
869;-23.003857;-46.839913;760.0;498.42;-103.0;-101.35
870;-23.003855;-46.839916;759.3;498.8;-103.5;-101.36
871;-23.003851;-46.839921;758.3;499.47;-102.5;-101.38
872;-23.003848;-46.839927;757.6;500.19;-103.0;-101.4
873;-23.003849;-46.839929;757.6;500.34;-96.5;-101.4
874;-23.003849;-46.839939;757.2;501.31;-106.0;-101.43
875;-23.003845;-46.839968;757.6;504.23;-115.5;-101.51
876;-23.003832;-46.840021;757.3;509.82;-104.0;-101.65
877;-23.003826;-46.840044;756.9;512.27;-93.5;-101.71
878;-23.003814;-46.840084;756.8;516.57;-92.0;-101.82
879;-23.003804;-46.840132;757.7;521.52;-95.5;-101.95
880;-23.003795;-46.840167;757.4;525.23;-97.5;-102.04
881;-23.003768;-46.840247;757.3;533.95;-96.5;-102.25
882;-23.003744;-46.840332;756.8;543.05;-110.5;-102.47
883;-23.003744;-46.840332;756.8;543.05;-110.5;-102.47
884;-23.003744;-46.840332;756.8;543.05;-110.5;-102.47
885;-23.003663;-46.840626;758.1;574.33;-109.0;-103.2
886;-23.003663;-46.840645;757.7;576.16;-110.0;-103.24
887;-23.003671;-46.840655;757.4;576.82;-112.5;-103.26
888;-23.003675;-46.840657;757.8;576.85;-112.5;-103.26
889;-23.00368;-46.840662;757.7;577.14;-109.5;-103.27
890;-23.00368;-46.840662;757.7;577.14;-109.5;-103.27
891;-23.00368;-46.840662;757.7;577.14;-109.5;-103.27
892;-23.003691;-46.840668;758.2;577.28;-112.0;-103.27
893;-23.003694;-46.840668;758.4;577.16;-110.5;-103.27
894;-23.003694;-46.840668;758.4;577.16;-110.5;-103.27
895;-23.0037;-46.840667;759.1;576.82;-114.5;-103.26
896;-23.003701;-46.840667;759.3;576.77;-108.0;-103.26
897;-23.003701;-46.840667;759.3;576.77;-108.0;-103.26
898;-23.003701;-46.840667;759.3;576.77;-108.0;-103.26
899;-23.003701;-46.840667;759.3;576.77;-108.0;-103.26
900;-23.003701;-46.840667;759.3;576.77;-108.0;-103.26
901;-23.003717;-46.840663;764.1;575.67;-113.0;-103.23
902;-23.003718;-46.840663;764.3;575.63;-110.5;-103.23
903;-23.003718;-46.840663;764.3;575.63;-110.5;-103.23
904;-23.00372;-46.840658;764.9;575.06;-112.0;-103.22
905;-23.00372;-46.840658;764.9;575.06;-112.0;-103.22
906;-23.00372;-46.840658;764.9;575.06;-112.0;-103.22
907;-23.003724;-46.840654;765.2;574.52;-112.5;-103.21
908;-23.003724;-46.840654;765.2;574.52;-112.5;-103.21
909;-23.003724;-46.840654;765.2;574.52;-112.5;-103.21
910;-23.003724;-46.840654;765.2;574.52;-112.5;-103.21
911;-23.003724;-46.840654;765.2;574.52;-112.5;-103.21
912;-23.003724;-46.840654;765.2;574.52;-112.5;-103.21
913;-23.003724;-46.840654;765.2;574.52;-112.5;-103.21
914;-23.003724;-46.840654;765.2;574.52;-112.5;-103.21
915;-23.003724;-46.840654;765.2;574.52;-112.5;-103.21
916;-23.003724;-46.840654;765.2;574.52;-112.5;-103.21
917;-23.003724;-46.840654;765.2;574.52;-112.5;-103.21
918;-23.003724;-46.840654;765.2;574.52;-112.5;-103.21
919;-23.003724;-46.840654;765.2;574.52;-112.5;-103.21
920;-23.003724;-46.840654;765.2;574.52;-112.5;-103.21
921;-23.003724;-46.840654;765.2;574.52;-112.5;-103.21
922;-23.003724;-46.840654;765.2;574.52;-112.5;-103.21
923;-23.003724;-46.840654;765.2;574.52;-112.5;-103.21
924;-23.003724;-46.840654;765.2;574.52;-112.5;-103.21
925;-23.003724;-46.840654;765.2;574.52;-112.5;-103.21
926;-23.003724;-46.840654;765.2;574.52;-112.5;-103.21
927;-23.003724;-46.840654;765.2;574.52;-112.5;-103.21
928;-23.003724;-46.840654;765.2;574.52;-112.5;-103.21
929;-23.003724;-46.840654;765.2;574.52;-112.5;-103.21
930;-23.003724;-46.840654;765.2;574.52;-112.5;-103.21
931;-23.003724;-46.840654;765.2;574.52;-112.5;-103.21
932;-23.003724;-46.840654;765.2;574.52;-112.5;-103.21
933;-23.003724;-46.840654;765.2;574.52;-112.5;-103.21
934;-23.003724;-46.840654;765.2;574.52;-112.5;-103.21
935;-23.003724;-46.840654;765.2;574.52;-112.5;-103.21
936;-23.003724;-46.840654;765.2;574.52;-112.5;-103.21
937;-23.003724;-46.840654;765.2;574.52;-112.5;-103.21
938;-23.003724;-46.840654;765.2;574.52;-112.5;-103.21
939;-23.003724;-46.840654;765.2;574.52;-112.5;-103.21
940;-23.003724;-46.840654;765.2;574.52;-112.5;-103.21
941;-23.003724;-46.840654;765.2;574.52;-112.5;-103.21
942;-23.003724;-46.840654;765.2;574.52;-112.5;-103.21
943;-23.003724;-46.840654;765.2;574.52;-112.5;-103.21
944;-23.003724;-46.840654;765.2;574.52;-112.5;-103.21
945;-23.003724;-46.840654;765.2;574.52;-112.5;-103.21
946;-23.003724;-46.840654;765.2;574.52;-112.5;-103.21
947;-23.003724;-46.840654;765.2;574.52;-112.5;-103.21
948;-23.003724;-46.840654;765.2;574.52;-112.5;-103.21
949;-23.003724;-46.840654;765.2;574.52;-112.5;-103.21
950;-23.003724;-46.840654;765.2;574.52;-112.5;-103.21
951;-23.003724;-46.840654;765.2;574.52;-112.5;-103.21
952;-23.003724;-46.840654;765.2;574.52;-112.5;-103.21
953;-23.003724;-46.840654;765.2;574.52;-112.5;-103.21
954;-23.003724;-46.840654;765.2;574.52;-112.5;-103.21
955;-23.003724;-46.840654;765.2;574.52;-112.5;-103.21
956;-23.003724;-46.840654;765.2;574.52;-112.5;-103.21
957;-23.003724;-46.840654;765.2;574.52;-112.5;-103.21
958;-23.003724;-46.840654;765.2;574.52;-112.5;-103.21
959;-23.003724;-46.840654;765.2;574.52;-112.5;-103.21
960;-23.003724;-46.840654;765.2;574.52;-112.5;-103.21
961;-23.003724;-46.840654;765.2;574.52;-112.5;-103.21
962;-23.003724;-46.840654;765.2;574.52;-112.5;-103.21
963;-23.003724;-46.840654;765.2;574.52;-112.5;-103.21
964;-23.003724;-46.840654;765.2;574.52;-112.5;-103.21
965;-23.003724;-46.840654;765.2;574.52;-112.5;-103.21
966;-23.003724;-46.840654;765.2;574.52;-112.5;-103.21
967;-23.003724;-46.840654;765.2;574.52;-112.5;-103.21
968;-23.003724;-46.840654;765.2;574.52;-112.5;-103.21
969;-23.003724;-46.840654;765.2;574.52;-112.5;-103.21
970;-23.003724;-46.840654;765.2;574.52;-112.5;-103.21
971;-23.003724;-46.840654;765.2;574.52;-112.5;-103.21
972;-23.003724;-46.840654;765.2;574.52;-112.5;-103.21
973;-23.003724;-46.840654;765.2;574.52;-112.5;-103.21
974;-23.003724;-46.840654;765.2;574.52;-112.5;-103.21
975;-23.003724;-46.840654;765.2;574.52;-112.5;-103.21
976;-23.003724;-46.840654;765.2;574.52;-112.5;-103.21
977;-23.003724;-46.840654;765.2;574.52;-112.5;-103.21
978;-23.003724;-46.840654;765.2;574.52;-112.5;-103.21
979;-23.003724;-46.840654;765.2;574.52;-112.5;-103.21
980;-23.003724;-46.840654;765.2;574.52;-112.5;-103.21
981;-23.003724;-46.840654;765.2;574.52;-112.5;-103.21
982;-23.003724;-46.840654;765.2;574.52;-112.5;-103.21
983;-23.003724;-46.840654;765.2;574.52;-112.5;-103.21
984;-23.003724;-46.840654;765.2;574.52;-112.5;-103.21
985;-23.003724;-46.840654;765.2;574.52;-112.5;-103.21
986;-23.003724;-46.840654;765.2;574.52;-112.5;-103.21
987;-23.003724;-46.840654;765.2;574.52;-112.5;-103.21
988;-23.003724;-46.840654;765.2;574.52;-112.5;-103.21
989;-23.003724;-46.840654;765.2;574.52;-112.5;-103.21
990;-23.003724;-46.840654;765.2;574.52;-112.5;-103.21
991;-23.003724;-46.840654;765.2;574.52;-112.5;-103.21
992;-23.003724;-46.840654;765.2;574.52;-112.5;-103.21
993;-23.003724;-46.840654;765.2;574.52;-112.5;-103.21
994;-23.003724;-46.840654;765.2;574.52;-112.5;-103.21
995;-23.003724;-46.840654;765.2;574.52;-112.5;-103.21
996;-23.003724;-46.840654;765.2;574.52;-112.5;-103.21
997;-23.003724;-46.840654;765.2;574.52;-112.5;-103.21
998;-23.003724;-46.840654;765.2;574.52;-112.5;-103.21
999;-23.003724;-46.840654;765.2;574.52;-112.5;-103.21
1000;-23.003724;-46.840654;765.2;574.52;-112.5;-103.21
