Medida;Latitude;Longitude;Altitude;Distancia_3D_m;RSSI_DL_medido;RSSI_DL_previsto_shadowing
1;-23.005298;-46.835329;778.8;19.34;-38.0;-45.49
2;-23.0053;-46.835329;778.5;19.07;-39.0;-45.31
3;-23.005303;-46.835329;778.0;18.68;-39.0;-45.03
4;-23.005303;-46.835329;778.0;18.68;-38.0;-45.03
5;-23.005305;-46.83533;777.6;18.39;-38.0;-44.83
6;-23.005307;-46.83533;777.4;18.15;-38.0;-44.66
7;-23.005311;-46.835331;777.0;17.66;-38.0;-44.3
8;-23.005313;-46.835331;776.5;17.4;-38.0;-44.11
9;-23.005315;-46.835332;776.1;17.14;-39.0;-43.92
10;-23.005317;-46.835333;775.7;16.89;-38.0;-43.72
11;-23.005318;-46.835333;775.3;16.78;-38.0;-43.64
12;-23.005321;-46.835334;774.5;16.46;-39.0;-43.38
13;-23.005323;-46.835334;774.2;16.26;-39.0;-43.23
14;-23.005325;-46.835335;773.6;16.08;-38.0;-43.08
15;-23.005327;-46.835336;773.4;15.86;-38.0;-42.9
16;-23.005328;-46.835336;772.8;15.84;-39.0;-42.89
17;-23.005329;-46.835337;772.7;15.73;-38.0;-42.8
18;-23.005329;-46.835336;772.6;15.77;-38.0;-42.83
19;-23.00533;-46.835337;771.9;15.78;-38.0;-42.84
20;-23.005332;-46.835337;771.4;15.69;-38.0;-42.76
21;-23.005334;-46.835339;770.8;15.6;-38.0;-42.69
22;-23.005335;-46.835341;770.3;15.61;-39.0;-42.7
23;-23.005336;-46.835341;770.4;15.48;-39.0;-42.59
24;-23.005339;-46.835343;770.0;15.27;-38.0;-42.41
25;-23.005341;-46.835346;769.7;15.12;-38.0;-42.28
26;-23.005343;-46.835347;769.6;14.94;-39.0;-42.13
27;-23.005346;-46.835349;769.4;14.69;-38.0;-41.9
28;-23.005347;-46.83535;769.8;14.41;-38.0;-41.66
29;-23.005348;-46.83535;770.0;14.23;-39.0;-41.49
30;-23.00535;-46.835351;769.9;14.06;-39.0;-41.33
31;-23.005352;-46.835352;769.7;13.92;-38.0;-41.2
32;-23.005355;-46.835353;769.5;13.69;-38.0;-40.99
33;-23.005357;-46.835353;769.5;13.49;-38.0;-40.8
34;-23.005359;-46.835353;769.3;13.39;-38.0;-40.69
35;-23.00536;-46.835352;769.1;13.39;-38.0;-40.7
36;-23.005363;-46.835354;769.2;13.03;-38.0;-40.34
37;-23.005364;-46.835355;768.9;13.07;-38.0;-40.38
38;-23.005365;-46.835355;768.8;13.02;-38.0;-40.33
39;-23.005365;-46.835356;768.8;13.01;-38.0;-40.32
40;-23.005366;-46.835356;768.9;12.86;-38.0;-40.18
41;-23.005363;-46.835354;769.9;12.71;-38.0;-40.02
42;-23.005366;-46.835355;769.7;12.49;-39.0;-39.79
43;-23.005368;-46.835356;769.4;12.43;-38.0;-39.72
44;-23.005369;-46.835357;769.7;12.17;-38.0;-39.46
45;-23.00537;-46.835359;769.5;12.15;-39.0;-39.43
46;-23.005375;-46.835363;768.8;12.01;-39.0;-39.28
47;-23.005379;-46.835365;768.3;11.92;-38.0;-39.18
48;-23.005382;-46.835367;767.9;11.9;-38.0;-39.16
49;-23.005386;-46.835368;767.2;12.02;-39.0;-39.29
50;-23.005389;-46.835369;767.1;11.85;-38.0;-39.1
51;-23.005392;-46.835369;766.9;11.75;-39.0;-39.0
52;-23.005396;-46.83537;766.0;12.13;-38.0;-39.41
53;-23.005398;-46.835372;765.5;12.39;-38.0;-39.69
54;-23.0054;-46.835374;765.1;12.59;-39.0;-39.9
55;-23.005401;-46.835375;765.0;12.61;-38.0;-39.92
56;-23.005402;-46.835376;764.7;12.8;-38.0;-40.12
57;-23.005408;-46.835378;763.7;13.33;-39.0;-40.64
58;-23.00541;-46.835378;763.4;13.49;-40.0;-40.8
59;-23.005414;-46.83538;762.7;13.95;-40.0;-41.23
60;-23.005416;-46.83538;762.5;14.04;-39.0;-41.32
61;-23.005423;-46.835381;761.6;14.61;-40.0;-41.84
62;-23.005427;-46.83538;761.6;14.47;-40.0;-41.71
63;-23.005429;-46.835378;761.8;14.2;-40.0;-41.46
64;-23.00543;-46.835377;762.0;13.97;-40.0;-41.25
65;-23.005433;-46.835376;761.9;13.97;-40.0;-41.25
67;-23.005434;-46.835373;762.2;13.65;-38.0;-40.95
68;-23.005435;-46.835372;762.0;13.81;-38.0;-41.1
69;-23.005435;-46.835373;761.8;14.01;-38.0;-41.28
70;-23.005436;-46.835375;761.6;14.18;-39.0;-41.45
71;-23.005435;-46.835377;761.4;14.41;-40.0;-41.65
72;-23.005435;-46.835377;761.5;14.31;-39.0;-41.57
73;-23.005435;-46.835378;761.7;14.12;-40.0;-41.39
74;-23.005436;-46.835379;761.7;14.1;-40.0;-41.38
75;-23.005439;-46.83538;761.6;14.14;-39.0;-41.41
76;-23.005441;-46.835381;761.7;14.0;-39.0;-41.28
77;-23.005443;-46.835382;761.6;14.07;-39.0;-41.34
78;-23.005443;-46.835382;761.7;13.97;-39.0;-41.25
79;-23.005444;-46.835383;761.9;13.76;-39.0;-41.06
80;-23.005445;-46.835384;762.5;13.17;-39.0;-40.48
81;-23.005445;-46.835386;762.8;12.9;-39.0;-40.21
82;-23.005444;-46.835387;763.1;12.64;-39.0;-39.95
83;-23.005444;-46.835389;763.1;12.67;-39.0;-39.98
84;-23.005443;-46.835391;762.7;13.11;-39.0;-40.42
85;-23.005442;-46.835392;762.4;13.44;-40.0;-40.75
86;-23.00544;-46.835394;762.0;13.9;-39.0;-41.19
87;-23.005435;-46.835394;761.9;14.12;-40.0;-41.39
88;-23.005434;-46.835395;761.5;14.55;-41.0;-41.78
89;-23.00544;-46.835401;760.1;15.87;-39.0;-42.91
90;-23.005427;-46.835419;760.7;16.1;-45.5;-43.1
91;-23.005409;-46.83545;758.8;19.53;-48.5;-45.62
92;-23.005363;-46.835525;758.4;25.87;-55.0;-49.28
93;-23.005323;-46.835588;758.9;31.93;-60.0;-52.02
94;-23.005275;-46.835699;758.6;43.16;-77.5;-55.95
95;-23.005252;-46.835744;758.6;48.05;-72.0;-57.34
96;-23.005236;-46.835787;757.5;52.82;-64.5;-58.58
97;-23.005236;-46.835787;757.5;52.82;-64.5;-58.58
98;-23.005229;-46.835759;761.9;49.56;-66.5;-57.75
99;-23.005229;-46.835759;761.9;49.56;-66.5;-57.75
100;-23.005229;-46.835759;761.9;49.56;-66.5;-57.75
101;-23.005229;-46.835759;761.9;49.56;-66.5;-57.75
102;-23.005229;-46.835759;761.9;49.56;-66.5;-57.75
103;-23.005229;-46.835759;761.9;49.56;-66.5;-57.75
104;-23.005169;-46.835721;779.7;48.91;-66.5;-57.58
105;-23.005163;-46.835717;781.6;49.27;-67.5;-57.67
106;-23.005161;-46.835715;782.2;49.35;-67.5;-57.69
107;-23.005159;-46.835713;782.8;49.45;-64.5;-57.72
108;-23.005156;-46.835708;784.3;49.56;-67.5;-57.75
109;-23.005154;-46.835719;782.8;50.27;-65.5;-57.93
110;-23.005152;-46.835733;779.2;51.05;-66.5;-58.13
111;-23.005151;-46.835735;778.7;51.24;-65.5;-58.18
112;-23.005152;-46.835739;778.0;51.42;-68.5;-58.23
113;-23.005153;-46.835742;777.9;51.57;-66.5;-58.27
114;-23.005153;-46.835744;778.0;51.73;-66.5;-58.31
115;-23.005152;-46.835746;778.4;51.97;-65.5;-58.37
116;-23.005151;-46.835748;778.7;52.22;-65.5;-58.43
117;-23.005149;-46.835751;780.2;52.71;-64.5;-58.55
118;-23.005147;-46.835751;780.9;52.93;-66.5;-58.61
119;-23.005146;-46.835751;781.5;53.07;-66.5;-58.64
120;-23.005143;-46.835752;782.1;53.44;-65.5;-58.73
121;-23.005142;-46.835752;782.6;53.58;-65.5;-58.76
122;-23.005139;-46.835751;782.7;53.74;-65.5;-58.8
123;-23.005139;-46.835751;782.8;53.75;-66.5;-58.81
124;-23.005136;-46.83575;782.8;53.91;-71.0;-58.84
125;-23.005136;-46.83575;782.6;53.88;-66.5;-58.84
126;-23.005134;-46.835748;782.1;53.82;-65.5;-58.82
127;-23.005132;-46.835747;782.2;53.91;-65.5;-58.84
128;-23.005131;-46.835745;781.8;53.79;-62.5;-58.82
129;-23.005131;-46.835745;781.8;53.79;-62.5;-58.82
130;-23.005127;-46.835745;780.8;53.99;-66.5;-58.86
131;-23.005127;-46.835744;780.5;53.89;-66.5;-58.84
132;-23.005127;-46.835743;780.6;53.82;-66.5;-58.82
133;-23.005128;-46.835742;780.4;53.66;-65.5;-58.78
134;-23.005129;-46.835741;780.3;53.5;-66.5;-58.74
135;-23.005129;-46.835741;780.0;53.47;-66.5;-58.74
136;-23.005131;-46.835742;779.9;53.38;-65.5;-58.72
137;-23.005132;-46.835743;779.5;53.34;-66.5;-58.71
138;-23.005132;-46.835743;779.0;53.31;-66.5;-58.7
139;-23.005133;-46.835744;778.0;53.24;-66.5;-58.68
140;-23.005134;-46.835746;776.5;53.26;-66.5;-58.69
141;-23.005131;-46.835744;776.7;53.35;-66.5;-58.71
142;-23.005128;-46.835741;777.0;53.37;-65.5;-58.71
143;-23.005125;-46.835739;777.6;53.48;-66.5;-58.74
144;-23.005123;-46.835737;778.6;53.55;-67.5;-58.76
145;-23.005122;-46.835735;778.6;53.48;-66.5;-58.74
146;-23.005123;-46.835736;778.4;53.46;-66.5;-58.74
147;-23.005123;-46.83574;779.0;53.79;-66.5;-58.82
148;-23.005121;-46.835745;780.3;54.41;-66.5;-58.96
149;-23.005121;-46.835752;781.2;55.0;-66.5;-59.11
150;-23.00512;-46.835753;781.5;55.19;-66.5;-59.15
151;-23.005116;-46.835755;782.4;55.75;-66.5;-59.28
152;-23.005116;-46.83576;782.9;56.17;-65.5;-59.38
153;-23.00512;-46.835764;782.3;56.08;-66.5;-59.36
154;-23.005126;-46.83577;781.0;55.93;-66.5;-59.32
155;-23.005132;-46.835775;779.6;55.74;-63.5;-59.28
156;-23.005129;-46.835772;779.4;55.72;-68.5;-59.28
157;-23.005129;-46.835766;778.3;55.2;-65.5;-59.15
158;-23.005123;-46.835758;777.6;55.03;-66.5;-59.11
159;-23.005121;-46.835756;777.5;55.03;-67.5;-59.11
160;-23.005121;-46.835753;776.9;54.79;-66.5;-59.06
161;-23.005121;-46.835749;775.9;54.48;-66.5;-58.98
162;-23.005122;-46.835748;774.9;54.33;-64.5;-58.95
163;-23.005124;-46.835744;773.4;53.92;-66.5;-58.85
164;-23.005125;-46.835744;773.0;53.86;-66.5;-58.83
165;-23.005126;-46.835743;772.5;53.73;-66.5;-58.8
166;-23.005127;-46.835743;772.3;53.66;-68.5;-58.78
167;-23.005128;-46.835743;771.9;53.61;-65.5;-58.77
168;-23.005129;-46.835744;771.3;53.65;-65.5;-58.78
169;-23.00513;-46.835749;771.6;53.91;-72.0;-58.85
170;-23.005131;-46.835751;771.5;53.99;-66.5;-58.86
171;-23.005132;-46.835751;770.9;53.96;-66.5;-58.86
172;-23.005134;-46.835753;770.8;53.97;-66.5;-58.86
173;-23.005137;-46.835753;769.5;53.87;-66.5;-58.83
174;-23.005138;-46.835754;768.7;53.96;-66.5;-58.86
175;-23.00514;-46.835755;768.2;53.95;-66.5;-58.85
176;-23.005142;-46.835756;767.6;53.96;-66.5;-58.86
177;-23.005145;-46.835757;766.9;53.92;-65.5;-58.85
178;-23.005146;-46.835759;766.5;54.06;-65.5;-58.88
179;-23.005148;-46.83576;766.0;54.08;-65.5;-58.88
180;-23.005149;-46.835761;765.8;54.11;-64.5;-58.89
181;-23.00515;-46.835762;765.9;54.1;-65.5;-58.89
182;-23.005152;-46.835765;765.9;54.19;-66.5;-58.91
183;-23.005153;-46.835766;766.1;54.16;-65.5;-58.9
184;-23.005154;-46.835769;766.5;54.25;-67.5;-58.93
185;-23.005155;-46.835772;766.9;54.35;-65.5;-58.95
186;-23.005156;-46.835786;766.8;55.38;-66.5;-59.2
187;-23.005148;-46.835807;766.0;57.72;-75.0;-59.73
188;-23.005136;-46.83585;766.7;61.87;-66.5;-60.64
189;-23.005121;-46.8359;766.7;66.94;-74.0;-61.67
190;-23.005105;-46.835955;766.5;72.57;-71.0;-62.72
191;-23.005068;-46.836044;767.4;82.29;-70.0;-64.36
192;-23.005043;-46.83611;768.9;89.33;-67.5;-65.43
193;-23.005021;-46.836174;768.8;96.19;-71.0;-66.39
194;-23.004999;-46.83624;768.0;103.29;-67.5;-67.32
195;-23.004962;-46.836322;765.3;112.8;-70.0;-68.46
196;-23.004962;-46.836322;765.3;112.8;-70.0;-68.46
197;-23.00489;-46.836583;763.2;140.18;-71.0;-71.3
198;-23.004871;-46.836623;764.9;144.64;-73.0;-71.7
199;-23.00486;-46.836649;765.3;147.53;-73.0;-71.96
200;-23.004854;-46.836674;766.3;150.04;-75.0;-72.18
201;-23.004855;-46.83667;764.8;149.72;-75.0;-72.15
202;-23.004853;-46.836666;764.7;149.47;-75.0;-72.13
203;-23.004853;-46.836661;763.4;149.11;-75.0;-72.1
204;-23.004851;-46.836656;762.7;148.82;-75.0;-72.07
205;-23.00485;-46.836654;761.9;148.76;-76.0;-72.07
206;-23.00485;-46.836653;761.5;148.71;-75.0;-72.06
207;-23.004846;-46.836648;761.0;148.51;-76.0;-72.05
208;-23.004846;-46.836648;760.9;148.52;-74.0;-72.05
209;-23.004845;-46.836647;761.2;148.45;-76.0;-72.04
210;-23.004845;-46.836647;761.0;148.47;-76.0;-72.04
211;-23.004844;-46.836645;760.7;148.37;-76.0;-72.04
212;-23.004842;-46.836644;760.5;148.41;-75.0;-72.04
213;-23.004841;-46.836644;760.6;148.45;-76.0;-72.04
214;-23.004839;-46.836644;759.8;148.63;-75.0;-72.06
215;-23.004837;-46.836643;760.0;148.63;-75.0;-72.06
216;-23.004835;-46.836643;760.3;148.7;-75.0;-72.06
217;-23.004833;-46.836641;760.5;148.61;-75.0;-72.06
218;-23.004832;-46.836641;760.7;148.64;-74.0;-72.06
219;-23.00483;-46.836643;760.2;148.97;-75.0;-72.09
220;-23.00483;-46.836644;760.4;149.04;-74.0;-72.09
221;-23.004829;-46.836645;760.5;149.17;-76.0;-72.11
222;-23.004831;-46.836645;762.3;148.9;-76.0;-72.08
223;-23.004833;-46.836646;763.5;148.78;-83.5;-72.07
224;-23.004834;-46.836646;764.1;148.68;-78.5;-72.06
225;-23.004834;-46.836646;764.6;148.65;-75.0;-72.06
226;-23.004833;-46.836647;764.3;148.81;-76.0;-72.07
227;-23.004833;-46.836647;765.0;148.76;-76.0;-72.07
228;-23.004835;-46.836645;765.6;148.44;-77.5;-72.04
229;-23.004836;-46.836641;766.7;147.95;-80.5;-72.0
230;-23.004836;-46.83664;766.8;147.86;-75.0;-71.99
231;-23.004837;-46.836638;768.3;147.55;-75.0;-71.96
232;-23.004837;-46.836636;769.4;147.32;-75.0;-71.94
233;-23.004837;-46.836635;769.9;147.21;-75.0;-71.93
234;-23.004837;-46.836634;770.8;147.09;-75.0;-71.92
235;-23.004838;-46.836633;772.3;146.91;-75.0;-71.91
236;-23.004837;-46.836632;773.1;146.85;-73.0;-71.9
237;-23.004837;-46.836632;774.2;146.84;-75.0;-71.9
238;-23.004837;-46.836631;774.9;146.75;-75.0;-71.89
239;-23.004837;-46.836631;775.7;146.75;-75.0;-71.89
240;-23.004835;-46.836632;776.5;146.95;-75.0;-71.91
241;-23.004834;-46.836635;776.0;147.27;-75.0;-71.94
242;-23.004835;-46.836637;775.7;147.39;-75.0;-71.95
243;-23.004836;-46.836641;775.0;147.7;-73.0;-71.98
244;-23.004833;-46.836649;773.2;148.59;-71.0;-72.05
245;-23.004833;-46.836647;770.5;148.48;-71.0;-72.04
246;-23.004834;-46.836649;769.3;148.65;-71.0;-72.06
247;-23.004835;-46.836652;768.5;148.9;-72.0;-72.08
248;-23.004835;-46.836656;768.4;149.27;-73.0;-72.11
249;-23.004837;-46.836661;768.1;149.63;-73.0;-72.15
250;-23.004838;-46.836664;767.7;149.87;-72.0;-72.17
251;-23.004839;-46.836666;767.2;150.03;-72.0;-72.18
252;-23.004839;-46.836668;766.5;150.25;-71.0;-72.2
253;-23.004841;-46.836669;765.9;150.27;-71.0;-72.2
254;-23.00484;-46.836669;764.4;150.43;-71.0;-72.21
255;-23.004839;-46.836674;765.1;150.88;-72.0;-72.25
256;-23.004831;-46.836675;766.6;151.29;-71.0;-72.29
257;-23.004827;-46.836673;766.8;151.3;-72.0;-72.29
258;-23.004825;-46.836673;767.5;151.37;-71.0;-72.3
259;-23.004826;-46.836673;767.1;151.34;-71.0;-72.29
260;-23.004827;-46.836672;766.5;151.23;-71.0;-72.28
261;-23.004825;-46.836669;766.1;151.09;-72.0;-72.27
262;-23.004818;-46.836666;767.2;151.12;-73.0;-72.27
263;-23.00481;-46.836662;768.5;151.13;-73.0;-72.27
264;-23.004808;-46.836663;769.0;151.3;-71.0;-72.29
265;-23.004803;-46.836661;769.5;151.37;-70.0;-72.3
266;-23.004803;-46.836662;769.2;151.47;-75.0;-72.3
267;-23.004799;-46.83666;769.7;151.49;-72.0;-72.31
268;-23.004794;-46.836659;769.3;151.69;-73.0;-72.32
269;-23.004795;-46.836662;768.5;151.94;-76.0;-72.34
270;-23.004797;-46.836666;767.6;152.23;-77.5;-72.37
271;-23.004798;-46.836674;766.9;152.93;-80.5;-72.43
272;-23.004806;-46.836686;765.4;153.66;-79.5;-72.49
273;-23.004809;-46.836697;764.4;154.56;-79.5;-72.57
274;-23.00481;-46.836703;763.4;155.12;-78.5;-72.61
275;-23.004808;-46.836707;763.7;155.56;-75.0;-72.65
276;-23.004804;-46.836716;764.0;156.56;-74.0;-72.74
277;-23.004802;-46.836762;762.6;160.93;-75.0;-73.09
278;-23.00479;-46.836807;763.4;165.56;-82.5;-73.46
279;-23.00478;-46.836855;763.8;170.4;-88.0;-73.84
280;-23.004764;-46.836911;764.7;176.26;-81.5;-74.28
281;-23.00475;-46.836983;763.3;183.64;-87.0;-74.81
282;-23.004716;-46.837098;762.1;195.94;-81.5;-75.66
283;-23.004692;-46.837178;761.6;204.51;-87.0;-76.22
284;-23.004667;-46.837258;761.7;213.08;-86.0;-76.75
285;-23.004642;-46.837332;761.5;221.12;-89.0;-77.23
286;-23.004607;-46.837407;761.0;229.73;-93.0;-77.73
287;-23.0046;-46.837426;760.1;231.88;-103.5;-77.85
288;-23.004596;-46.837436;761.2;232.92;-89.0;-77.91
289;-23.004598;-46.837437;761.7;232.89;-90.0;-77.91
290;-23.004599;-46.837436;761.9;232.74;-87.0;-77.9
291;-23.004599;-46.837437;762.9;232.78;-89.0;-77.9
292;-23.0046;-46.837441;762.7;233.12;-89.0;-77.92
293;-23.004596;-46.837441;763.5;233.26;-88.0;-77.93
294;-23.004592;-46.83744;764.4;233.31;-87.0;-77.93
295;-23.004591;-46.837442;764.6;233.53;-88.0;-77.95
296;-23.004589;-46.837441;764.8;233.52;-87.0;-77.94
297;-23.004586;-46.837441;765.1;233.65;-88.0;-77.95
298;-23.004584;-46.837439;765.2;233.55;-88.0;-77.95
299;-23.004579;-46.837436;765.5;233.49;-88.0;-77.94
300;-23.004577;-46.837434;766.2;233.37;-87.0;-77.94
301;-23.004573;-46.837431;766.8;233.26;-89.0;-77.93
302;-23.004569;-46.837429;767.5;233.24;-87.0;-77.93
303;-23.004565;-46.837427;768.2;233.22;-93.0;-77.93
304;-23.004556;-46.837427;768.9;233.63;-88.0;-77.95
305;-23.004551;-46.837427;769.7;233.85;-88.0;-77.96
306;-23.004549;-46.837428;770.4;234.03;-89.0;-77.97
307;-23.004545;-46.837426;771.4;234.02;-87.0;-77.97
308;-23.004542;-46.837426;772.4;234.15;-87.0;-77.98
309;-23.004539;-46.837425;772.9;234.2;-88.0;-77.98
310;-23.004535;-46.837424;774.6;234.29;-88.0;-77.99
311;-23.004533;-46.837425;775.6;234.48;-87.0;-78.0
312;-23.004533;-46.837425;775.9;234.48;-88.0;-78.0
313;-23.004531;-46.837425;775.9;234.58;-88.0;-78.0
314;-23.004531;-46.837425;776.5;234.58;-88.0;-78.0
315;-23.00453;-46.837426;776.7;234.72;-88.0;-78.01
316;-23.00453;-46.837426;776.7;234.72;-88.0;-78.01
317;-23.004529;-46.837427;776.4;234.86;-87.0;-78.02
318;-23.004528;-46.837427;776.4;234.91;-88.0;-78.02
319;-23.004529;-46.837429;776.2;235.04;-88.0;-78.03
320;-23.004529;-46.837429;775.9;235.04;-88.0;-78.03
321;-23.004528;-46.837428;775.8;235.0;-88.0;-78.03
322;-23.004528;-46.837428;775.7;235.0;-88.0;-78.03
323;-23.004527;-46.837426;775.8;234.87;-87.0;-78.02
324;-23.004523;-46.837424;776.6;234.88;-88.0;-78.02
325;-23.004517;-46.837421;777.2;234.91;-88.0;-78.02
326;-23.00451;-46.837417;777.9;234.9;-88.0;-78.02
327;-23.004507;-46.837416;778.2;234.97;-88.0;-78.02
328;-23.004502;-46.837413;778.8;234.95;-88.0;-78.02
329;-23.004499;-46.837411;779.1;234.93;-88.0;-78.02
330;-23.004503;-46.837417;778.4;235.26;-88.0;-78.04
331;-23.004506;-46.837419;777.6;235.28;-87.0;-78.04
332;-23.004502;-46.837416;778.0;235.22;-89.0;-78.04
333;-23.004503;-46.837418;777.5;235.34;-87.0;-78.05
334;-23.004507;-46.83742;776.6;235.32;-88.0;-78.04
335;-23.004512;-46.837425;774.2;235.52;-88.0;-78.06
336;-23.004517;-46.837428;773.1;235.56;-88.0;-78.06
337;-23.004524;-46.837433;771.7;235.68;-88.0;-78.06
338;-23.004531;-46.837438;769.8;235.84;-88.0;-78.07
339;-23.004543;-46.837447;767.3;236.15;-87.0;-78.09
340;-23.004551;-46.837451;765.6;236.2;-88.0;-78.09
341;-23.004556;-46.837454;764.4;236.29;-88.0;-78.1
342;-23.004564;-46.837458;762.8;236.36;-87.0;-78.1
343;-23.004568;-46.83746;762.0;236.41;-88.0;-78.1
344;-23.004576;-46.837465;761.1;236.55;-87.0;-78.11
345;-23.004581;-46.837467;760.0;236.57;-88.0;-78.11
346;-23.004582;-46.837465;759.9;236.35;-88.0;-78.1
347;-23.004585;-46.837467;759.3;236.43;-87.0;-78.11
348;-23.004588;-46.837468;758.6;236.44;-88.0;-78.11
349;-23.004593;-46.83747;757.3;236.49;-88.0;-78.11
350;-23.004591;-46.837469;757.2;236.5;-88.0;-78.11
351;-23.004592;-46.83747;756.6;236.59;-87.0;-78.11
352;-23.004593;-46.83747;756.4;236.56;-87.0;-78.11
353;-23.004596;-46.837472;755.7;236.67;-87.0;-78.12
354;-23.0046;-46.837475;755.1;236.82;-88.0;-78.13
355;-23.004606;-46.837477;754.2;236.81;-87.0;-78.13
356;-23.004608;-46.837479;753.8;236.94;-88.0;-78.13
357;-23.004611;-46.83748;753.2;236.96;-88.0;-78.13
358;-23.004613;-46.837481;752.4;237.04;-89.0;-78.14
359;-23.004614;-46.837482;751.2;237.21;-96.5;-78.15
360;-23.004614;-46.837481;750.5;237.19;-89.0;-78.15
361;-23.004615;-46.837481;750.0;237.2;-88.0;-78.15
362;-23.004615;-46.83748;749.6;237.15;-88.0;-78.15
363;-23.004612;-46.837477;750.3;236.92;-88.0;-78.13
364;-23.004607;-46.837475;750.6;236.93;-89.0;-78.13
365;-23.004603;-46.837473;750.8;236.9;-88.0;-78.13
366;-23.004602;-46.837472;750.8;236.86;-89.0;-78.13
367;-23.004598;-46.83747;751.2;236.81;-87.0;-78.13
368;-23.004594;-46.837468;751.3;236.79;-87.0;-78.13
369;-23.00459;-46.837467;751.6;236.85;-87.0;-78.13
370;-23.004586;-46.837467;752.0;237.0;-87.0;-78.14
371;-23.004585;-46.837466;751.6;236.99;-87.0;-78.14
372;-23.00458;-46.837463;751.8;236.92;-87.0;-78.13
373;-23.004576;-46.837462;751.9;237.0;-87.0;-78.14
374;-23.004569;-46.83746;752.4;237.1;-87.0;-78.14
375;-23.004563;-46.837458;752.9;237.15;-88.0;-78.15
376;-23.004558;-46.837456;753.3;237.16;-88.0;-78.15
377;-23.004551;-46.837453;753.9;237.16;-88.0;-78.15
378;-23.004553;-46.837454;753.4;237.2;-88.0;-78.15
379;-23.004547;-46.837452;754.3;237.22;-89.0;-78.15
380;-23.004544;-46.837451;754.4;237.27;-88.0;-78.15
381;-23.00454;-46.837449;754.7;237.25;-88.0;-78.15
382;-23.004538;-46.83745;755.2;237.39;-88.0;-78.16
383;-23.004537;-46.83745;755.3;237.43;-89.0;-78.16
384;-23.004534;-46.837448;755.8;237.35;-88.0;-78.16
385;-23.004532;-46.837447;755.9;237.35;-89.0;-78.16
386;-23.004532;-46.837447;755.9;237.35;-89.0;-78.16
387;-23.004529;-46.837446;756.4;237.36;-87.0;-78.16
388;-23.00453;-46.837447;756.2;237.42;-88.0;-78.16
389;-23.004525;-46.837445;757.0;237.42;-86.0;-78.16
390;-23.004522;-46.837443;757.5;237.35;-86.0;-78.16
391;-23.004521;-46.837443;758.1;237.35;-87.0;-78.16
392;-23.004519;-46.837442;758.7;237.32;-88.0;-78.15
393;-23.004518;-46.837441;759.2;237.24;-89.0;-78.15
394;-23.004515;-46.83744;760.5;237.21;-88.0;-78.15
395;-23.004513;-46.837439;761.0;237.19;-88.0;-78.15
396;-23.004513;-46.837438;761.9;237.04;-87.0;-78.14
397;-23.004512;-46.837439;762.7;237.14;-87.0;-78.14
398;-23.004514;-46.837438;763.3;236.92;-87.0;-78.13
399;-23.004515;-46.837438;763.8;236.84;-87.0;-78.13
400;-23.004515;-46.837438;764.7;236.8;-98.5;-78.13
401;-23.004528;-46.837453;764.6;237.54;-98.0;-78.17
402;-23.004527;-46.837476;764.5;239.71;-90.0;-78.29
403;-23.004527;-46.837526;763.3;244.38;-89.0;-78.54
404;-23.004557;-46.837607;756.3;250.96;-86.0;-78.88
405;-23.004525;-46.83774;755.2;264.91;-86.0;-79.59
406;-23.004488;-46.837837;754.9;275.64;-92.0;-80.11
407;-23.004455;-46.837935;755.6;286.23;-98.0;-80.6
408;-23.004424;-46.838014;756.3;294.95;-100.5;-80.99
409;-23.004403;-46.838079;757.1;301.93;-89.0;-81.29
410;-23.004376;-46.838164;757.2;311.08;-96.0;-81.68
411;-23.00435;-46.838239;757.8;319.23;-91.0;-82.02
412;-23.004347;-46.838272;757.3;322.5;-90.0;-82.15
413;-23.004344;-46.83828;757.8;323.35;-104.0;-82.19
414;-23.004342;-46.838279;757.8;323.35;-104.5;-82.18
415;-23.004341;-46.838277;757.6;323.21;-108.0;-82.18
416;-23.004341;-46.838275;757.2;323.05;-104.5;-82.17
417;-23.00434;-46.838275;756.8;323.11;-101.5;-82.18
418;-23.004339;-46.838274;756.7;323.07;-102.0;-82.17
419;-23.004337;-46.838276;757.1;323.32;-104.0;-82.18
420;-23.004333;-46.838276;757.1;323.49;-104.0;-82.19
421;-23.004333;-46.838276;756.8;323.51;-100.5;-82.19
422;-23.004331;-46.838278;756.3;323.81;-101.0;-82.2
423;-23.004327;-46.838276;756.3;323.8;-109.5;-82.2
424;-23.004325;-46.838278;756.6;324.05;-104.0;-82.21
425;-23.004321;-46.838283;756.8;324.69;-104.5;-82.24
426;-23.004319;-46.838284;756.2;324.9;-101.5;-82.25
427;-23.004318;-46.838286;756.0;325.15;-99.5;-82.26
428;-23.004318;-46.838288;755.8;325.35;-104.5;-82.27
429;-23.004318;-46.838288;755.8;325.35;-104.5;-82.27
430;-23.004319;-46.838291;752.6;325.79;-105.0;-82.28
431;-23.004319;-46.838292;751.9;325.94;-104.5;-82.29
432;-23.004322;-46.83829;751.9;325.62;-111.5;-82.28
433;-23.004324;-46.838287;751.8;325.26;-109.0;-82.26
434;-23.004327;-46.838286;752.4;324.99;-103.5;-82.25
435;-23.004328;-46.838285;752.9;324.82;-116.0;-82.24
436;-23.004329;-46.838284;753.2;324.66;-105.5;-82.24
437;-23.00433;-46.838284;753.5;324.6;-99.0;-82.24
438;-23.004333;-46.838285;753.9;324.53;-101.5;-82.23
439;-23.004335;-46.838286;754.0;324.53;-102.0;-82.23
440;-23.004336;-46.838286;754.2;324.48;-98.0;-82.23
441;-23.004338;-46.838287;754.0;324.5;-108.0;-82.23
442;-23.00434;-46.838288;754.0;324.51;-109.0;-82.23
443;-23.004342;-46.838291;753.9;324.71;-106.0;-82.24
444;-23.004342;-46.838292;754.1;324.79;-106.5;-82.24
445;-23.004343;-46.838292;754.2;324.74;-105.5;-82.24
447;-23.004343;-46.838292;754.1;324.75;-116.0;-82.24
449;-23.004342;-46.838293;754.5;324.86;-111.5;-82.25
450;-23.004343;-46.838294;754.6;324.91;-105.0;-82.25
451;-23.004342;-46.838295;754.7;325.04;-106.0;-82.25
452;-23.004342;-46.838297;754.6;325.23;-100.0;-82.26
453;-23.00434;-46.838299;754.6;325.51;-107.5;-82.27
454;-23.008435;-46.838397;754.7;453.3;-109.5;-86.59
455;-23.008435;-46.838397;754.7;453.3;-109.5;-86.59
456;-23.004338;-46.838311;755.3;326.68;-105.5;-82.32
457;-23.004339;-46.838313;755.8;326.79;-110.0;-82.32
458;-23.00434;-46.838315;756.2;326.92;-107.5;-82.33
459;-23.00434;-46.838316;756.4;327.0;-106.0;-82.33
460;-23.004339;-46.838317;756.7;327.12;-106.5;-82.34
461;-23.004339;-46.838319;757.2;327.28;-108.0;-82.34
462;-23.004337;-46.838321;757.4;327.54;-106.0;-82.35
463;-23.004336;-46.838321;757.1;327.6;-110.0;-82.36
464;-23.004334;-46.838323;756.9;327.89;-112.5;-82.37
465;-23.004334;-46.838324;756.4;328.01;-103.0;-82.37
466;-23.004334;-46.838327;755.9;328.32;-115.0;-82.38
467;-23.004335;-46.838328;755.4;328.4;-110.0;-82.39
468;-23.004336;-46.838328;755.3;328.37;-104.5;-82.39
469;-23.004336;-46.838328;755.2;328.37;-98.0;-82.39
470;-23.004335;-46.838326;755.4;328.22;-100.0;-82.38
471;-23.004335;-46.838325;755.6;328.11;-100.5;-82.38
472;-23.004335;-46.838326;755.9;328.19;-100.0;-82.38
473;-23.004333;-46.838324;755.7;328.09;-98.0;-82.37
474;-23.004332;-46.838324;755.7;328.14;-98.5;-82.38
475;-23.004332;-46.83832;755.7;327.76;-95.5;-82.36
476;-23.004332;-46.838319;756.2;327.64;-90.0;-82.36
477;-23.004332;-46.838318;756.5;327.52;-95.5;-82.35
478;-23.00433;-46.838319;757.1;327.67;-90.0;-82.36
479;-23.004328;-46.838323;757.4;328.12;-95.5;-82.38
480;-23.004328;-46.838323;758.2;328.07;-92.0;-82.37
481;-23.004329;-46.838324;758.4;328.11;-95.0;-82.38
482;-23.00433;-46.838324;758.8;328.05;-96.0;-82.37
483;-23.00433;-46.838324;759.0;328.04;-95.0;-82.37
484;-23.004331;-46.838323;759.3;327.89;-94.5;-82.37
485;-23.004333;-46.838324;759.0;327.91;-102.0;-82.37
486;-23.004335;-46.838325;759.5;327.9;-98.5;-82.37
487;-23.004341;-46.838327;759.7;327.82;-100.5;-82.36
488;-23.004348;-46.838327;759.6;327.53;-97.0;-82.35
489;-23.004353;-46.838326;759.7;327.22;-99.0;-82.34
490;-23.004362;-46.838326;760.0;326.83;-99.0;-82.32
491;-23.004369;-46.838325;760.4;326.42;-98.0;-82.31
492;-23.004374;-46.838323;760.6;326.02;-97.0;-82.29
493;-23.004379;-46.83832;760.8;325.52;-99.0;-82.27
494;-23.00438;-46.838317;760.6;325.2;-100.5;-82.26
495;-23.004381;-46.838315;760.5;324.97;-99.0;-82.25
496;-23.004381;-46.838313;760.2;324.8;-100.0;-82.24
497;-23.004381;-46.838312;760.1;324.71;-97.5;-82.24
498;-23.004381;-46.838311;759.6;324.64;-98.0;-82.24
499;-23.00438;-46.838312;759.1;324.8;-98.5;-82.24
500;-23.004381;-46.838312;758.7;324.78;-100.0;-82.24
501;-23.004382;-46.838313;758.6;324.84;-99.0;-82.24
502;-23.004383;-46.838314;758.6;324.89;-99.0;-82.25
503;-23.004384;-46.838315;759.1;324.92;-99.5;-82.25
504;-23.004384;-46.838316;759.3;325.0;-100.0;-82.25
505;-23.004386;-46.838316;759.7;324.9;-100.5;-82.25
506;-23.004387;-46.838317;759.9;324.95;-97.0;-82.25
507;-23.004391;-46.838317;760.1;324.77;-99.0;-82.24
508;-23.004395;-46.838319;760.3;324.79;-97.5;-82.24
509;-23.004399;-46.838319;760.6;324.61;-100.5;-82.24
510;-23.004402;-46.838319;760.8;324.48;-98.5;-82.23
511;-23.004403;-46.838319;761.0;324.43;-97.5;-82.23
512;-23.004403;-46.838319;761.0;324.43;-99.0;-82.23
513;-23.004403;-46.838319;761.4;324.42;-101.0;-82.23
514;-23.004404;-46.838319;761.6;324.37;-97.0;-82.23
515;-23.004406;-46.83832;762.3;324.35;-97.0;-82.23
516;-23.004408;-46.838323;762.5;324.55;-98.0;-82.23
517;-23.004411;-46.838325;762.8;324.61;-96.0;-82.24
518;-23.004413;-46.838326;763.2;324.61;-97.0;-82.24
519;-23.004417;-46.838327;763.9;324.52;-96.5;-82.23
520;-23.004417;-46.838328;764.2;324.6;-97.0;-82.24
521;-23.004416;-46.838327;764.3;324.54;-100.0;-82.23
522;-23.004416;-46.838327;764.5;324.54;-96.5;-82.23
523;-23.004417;-46.838327;764.5;324.5;-96.5;-82.23
524;-23.004419;-46.83833;765.2;324.68;-99.5;-82.24
525;-23.004424;-46.838331;766.2;324.55;-91.0;-82.23
526;-23.004427;-46.838332;766.8;324.51;-98.0;-82.23
527;-23.004429;-46.838334;767.5;324.6;-101.5;-82.24
528;-23.00443;-46.838334;767.8;324.56;-98.0;-82.23
529;-23.004429;-46.838335;767.9;324.69;-97.5;-82.24
530;-23.004427;-46.838337;768.2;324.95;-96.0;-82.25
531;-23.004426;-46.838337;768.4;324.99;-96.5;-82.25
532;-23.004425;-46.838336;768.6;324.93;-98.0;-82.25
533;-23.004426;-46.838336;769.4;324.87;-97.5;-82.25
534;-23.004429;-46.838336;769.8;324.75;-98.5;-82.24
535;-23.004432;-46.838337;770.4;324.71;-90.0;-82.24
536;-23.004435;-46.838337;771.1;324.59;-99.5;-82.23
537;-23.004437;-46.838338;771.8;324.59;-96.0;-82.23
538;-23.004436;-46.838338;772.2;324.63;-99.5;-82.24
539;-23.004435;-46.838338;772.8;324.66;-96.0;-82.24
540;-23.004431;-46.838335;772.7;324.53;-99.0;-82.23
541;-23.00443;-46.838334;772.4;324.48;-96.5;-82.23
542;-23.004428;-46.838334;772.2;324.56;-97.0;-82.23
543;-23.004427;-46.838333;772.2;324.51;-97.5;-82.23
544;-23.004427;-46.838333;772.5;324.5;-97.5;-82.23
545;-23.004427;-46.838332;773.0;324.4;-97.5;-82.23
546;-23.004427;-46.838332;773.2;324.4;-97.0;-82.23
547;-23.004427;-46.838331;773.5;324.3;-98.5;-82.22
548;-23.004426;-46.83833;773.7;324.25;-94.5;-82.22
549;-23.004423;-46.838327;772.8;324.08;-96.0;-82.21
550;-23.004422;-46.838324;773.0;323.84;-97.5;-82.2
551;-23.004422;-46.838323;773.0;323.74;-97.5;-82.2
552;-23.004417;-46.838318;771.3;323.48;-99.0;-82.19
553;-23.004414;-46.838315;770.9;323.32;-96.5;-82.18
554;-23.004411;-46.838308;770.2;322.78;-98.0;-82.16
555;-23.004406;-46.838304;768.6;322.63;-99.0;-82.16
556;-23.004403;-46.838302;768.1;322.58;-99.0;-82.15
557;-23.0044;-46.838301;767.7;322.61;-98.0;-82.16
558;-23.004398;-46.838298;767.5;322.41;-101.5;-82.15
559;-23.004393;-46.838292;766.8;322.07;-94.5;-82.13
560;-23.004392;-46.838289;766.8;321.82;-97.0;-82.12
561;-23.004392;-46.838289;766.8;321.82;-95.5;-82.12
562;-23.004391;-46.838296;766.3;322.54;-97.5;-82.15
563;-23.004386;-46.838313;765.6;324.38;-88.0;-82.23
564;-23.004363;-46.838367;764.8;330.49;-100.0;-82.47
565;-23.004346;-46.838411;764.8;335.37;-100.5;-82.66
566;-23.004331;-46.838458;764.8;340.45;-94.0;-82.86
567;-23.004313;-46.838505;764.2;345.68;-95.5;-83.05
568;-23.004301;-46.838554;763.5;350.85;-92.5;-83.25
569;-23.004259;-46.838627;763.8;359.51;-95.5;-83.57
570;-23.004232;-46.838695;762.5;367.13;-91.0;-83.84
571;-23.004202;-46.838757;762.0;374.27;-89.0;-84.09
572;-23.004185;-46.838835;760.2;382.45;-99.0;-84.37
573;-23.004209;-46.838947;754.5;392.4;-96.5;-84.71
574;-23.004176;-46.839052;752.3;403.86;-90.0;-85.08
575;-23.004158;-46.839095;751.9;408.7;-89.0;-85.24
576;-23.004147;-46.839119;751.5;411.45;-90.0;-85.32
577;-23.004134;-46.839138;751.7;413.76;-98.5;-85.4
578;-23.004112;-46.839126;756.9;413.24;-98.5;-85.38
579;-23.004108;-46.839126;758.6;413.33;-97.5;-85.38
580;-23.004108;-46.839127;759.3;413.39;-103.5;-85.39
581;-23.00411;-46.839132;758.9;413.81;-100.0;-85.4
582;-23.004112;-46.839133;759.7;413.79;-99.0;-85.4
583;-23.004113;-46.839132;760.6;413.62;-96.0;-85.39
584;-23.004113;-46.839132;760.9;413.61;-98.0;-85.39
585;-23.004112;-46.839135;760.8;413.94;-100.5;-85.4
586;-23.004111;-46.839137;761.1;414.16;-98.0;-85.41
587;-23.00411;-46.83914;761.5;414.47;-99.0;-85.42
588;-23.004109;-46.839143;762.2;414.78;-107.5;-85.43
589;-23.004107;-46.839144;762.3;414.95;-102.5;-85.43
590;-23.004099;-46.83914;763.6;414.85;-102.0;-85.43
591;-23.004095;-46.839137;764.4;414.71;-97.5;-85.43
592;-23.004092;-46.839135;765.5;414.61;-99.0;-85.42
593;-23.004088;-46.839133;766.8;414.56;-97.5;-85.42
594;-23.004089;-46.839129;766.5;414.14;-100.5;-85.41
595;-23.004088;-46.83913;766.6;414.28;-103.0;-85.41
596;-23.004077;-46.839128;768.9;414.5;-102.5;-85.42
597;-23.004075;-46.839125;769.3;414.29;-100.0;-85.41
598;-23.004073;-46.839128;769.6;414.65;-106.0;-85.43
599;-23.004072;-46.839129;770.2;414.78;-99.5;-85.43
600;-23.004071;-46.83913;770.9;414.91;-99.0;-85.43
601;-23.004071;-46.839129;771.4;414.81;-100.0;-85.43
602;-23.004072;-46.839129;771.5;414.77;-106.5;-85.43
603;-23.004073;-46.839128;771.7;414.63;-102.5;-85.42
604;-23.004073;-46.839128;772.1;414.63;-102.0;-85.42
605;-23.004074;-46.839128;772.0;414.59;-105.5;-85.42
606;-23.004074;-46.839129;771.4;414.69;-99.5;-85.43
607;-23.004074;-46.839129;771.4;414.69;-113.5;-85.43
608;-23.004076;-46.839127;773.9;414.4;-109.0;-85.42
609;-23.004076;-46.839126;773.8;414.3;-110.5;-85.41
610;-23.004077;-46.839118;772.8;413.51;-104.5;-85.39
611;-23.004078;-46.83912;771.6;413.66;-107.5;-85.39
612;-23.004078;-46.839126;769.1;414.26;-106.5;-85.41
613;-23.00407;-46.839124;769.2;414.41;-112.0;-85.42
614;-23.004066;-46.839121;768.5;414.3;-106.0;-85.41
615;-23.004067;-46.839117;769.2;413.87;-107.5;-85.4
616;-23.004066;-46.839116;769.2;413.81;-107.5;-85.4
617;-23.004061;-46.839121;770.7;414.48;-101.0;-85.42
618;-23.004062;-46.839122;771.5;414.52;-99.5;-85.42
619;-23.004059;-46.839127;771.4;415.12;-98.0;-85.44
620;-23.004056;-46.839134;770.3;415.92;-100.5;-85.47
621;-23.004048;-46.839153;767.0;418.11;-102.5;-85.53
622;-23.004046;-46.839159;767.4;418.76;-101.0;-85.55
623;-23.004044;-46.839161;768.6;419.01;-104.5;-85.56
624;-23.004041;-46.839164;768.6;419.42;-105.0;-85.57
625;-23.004038;-46.839167;769.0;419.82;-101.0;-85.59
626;-23.004035;-46.839168;770.0;420.03;-101.0;-85.59
627;-23.004033;-46.839167;771.7;420.0;-100.0;-85.59
628;-23.00403;-46.839171;771.6;420.51;-100.0;-85.61
629;-23.004029;-46.839171;771.6;420.55;-98.0;-85.61
630;-23.004028;-46.839172;771.7;420.69;-101.0;-85.61
631;-23.004027;-46.839174;771.0;420.92;-101.0;-85.62
632;-23.004026;-46.839171;771.2;420.68;-102.5;-85.61
633;-23.004026;-46.83917;771.0;420.59;-99.5;-85.61
634;-23.004027;-46.839171;770.7;420.64;-98.5;-85.61
635;-23.004028;-46.839171;771.3;420.6;-101.5;-85.61
636;-23.004029;-46.839169;772.6;420.35;-100.0;-85.6
637;-23.00403;-46.839167;775.3;420.11;-97.0;-85.6
638;-23.00403;-46.839166;776.9;420.02;-101.0;-85.59
639;-23.00403;-46.839165;778.2;419.93;-102.5;-85.59
640;-23.00403;-46.839167;778.6;420.12;-101.5;-85.6
641;-23.004031;-46.839166;779.2;419.99;-96.0;-85.59
642;-23.004033;-46.839165;780.0;419.82;-99.0;-85.59
643;-23.004033;-46.839163;780.7;419.64;-99.5;-85.58
644;-23.004033;-46.839163;780.9;419.64;-99.5;-85.58
645;-23.004033;-46.839163;780.8;419.64;-100.5;-85.58
646;-23.004033;-46.839163;780.8;419.64;-100.5;-85.58
647;-23.004032;-46.839164;780.4;419.77;-101.0;-85.59
648;-23.004031;-46.839168;779.2;420.18;-100.0;-85.6
649;-23.00403;-46.839173;778.2;420.69;-101.0;-85.61
650;-23.004028;-46.839178;777.1;421.24;-100.0;-85.63
651;-23.004026;-46.839182;775.0;421.7;-99.5;-85.64
652;-23.004023;-46.839187;773.0;422.31;-100.5;-85.66
653;-23.004021;-46.83919;772.0;422.68;-100.0;-85.68
654;-23.004019;-46.839193;770.5;423.07;-102.0;-85.69
655;-23.004018;-46.839195;769.8;423.31;-102.5;-85.69
656;-23.004017;-46.839199;768.6;423.75;-98.5;-85.71
657;-23.004016;-46.839198;768.5;423.69;-99.5;-85.71
658;-23.004016;-46.839197;768.2;423.61;-99.5;-85.7
659;-23.004016;-46.839194;769.2;423.31;-99.5;-85.69
660;-23.004017;-46.839192;769.5;423.07;-98.0;-85.69
661;-23.004019;-46.83919;770.3;422.79;-98.5;-85.68
662;-23.00402;-46.839189;770.3;422.65;-100.5;-85.67
663;-23.004021;-46.839187;770.2;422.42;-98.5;-85.67
664;-23.004022;-46.839184;770.1;422.09;-99.5;-85.66
665;-23.004024;-46.839184;769.7;422.01;-98.0;-85.65
666;-23.004025;-46.839182;769.7;421.78;-100.5;-85.65
667;-23.004028;-46.83918;769.8;421.46;-100.5;-85.64
668;-23.004029;-46.839177;769.8;421.14;-100.5;-85.63
669;-23.004031;-46.839176;770.8;420.95;-104.5;-85.62
670;-23.004031;-46.839175;771.2;420.85;-101.0;-85.62
671;-23.004032;-46.839173;771.4;420.62;-108.5;-85.61
672;-23.004032;-46.839171;771.7;420.42;-101.5;-85.61
673;-23.004033;-46.839169;772.2;420.19;-109.0;-85.6
674;-23.004034;-46.839166;772.7;419.86;-101.5;-85.59
675;-23.004032;-46.83917;771.5;420.33;-97.5;-85.6
676;-23.004031;-46.839171;770.9;420.47;-100.5;-85.61
677;-23.004029;-46.839172;770.7;420.65;-102.0;-85.61
678;-23.004029;-46.83917;770.8;420.46;-98.5;-85.61
679;-23.004029;-46.839168;769.1;420.3;-97.5;-85.6
680;-23.004032;-46.839165;768.8;419.89;-95.0;-85.59
681;-23.004037;-46.83916;769.2;419.2;-96.5;-85.57
682;-23.00404;-46.839156;769.6;418.69;-96.5;-85.55
683;-23.004043;-46.839151;770.0;418.08;-96.0;-85.53
684;-23.004045;-46.839149;770.7;417.8;-94.0;-85.52
685;-23.004046;-46.839147;770.9;417.57;-95.0;-85.52
686;-23.004048;-46.839146;771.1;417.39;-95.5;-85.51
687;-23.004047;-46.839155;771.4;418.28;-87.0;-85.54
688;-23.004048;-46.839186;767.9;421.23;-86.0;-85.63
689;-23.004043;-46.839254;759.0;428.14;-88.0;-85.84
690;-23.004023;-46.839306;758.6;433.92;-101.0;-86.02
691;-23.004002;-46.839368;758.5;440.68;-89.0;-86.22
692;-23.003979;-46.839437;758.4;448.18;-91.0;-86.44
693;-23.003938;-46.839558;757.8;461.39;-99.5;-86.82
694;-23.00391;-46.839637;758.0;470.04;-107.0;-87.06
695;-23.003881;-46.839716;757.6;478.75;-102.5;-87.3
696;-23.003854;-46.839787;757.7;486.61;-102.5;-87.51
697;-23.003834;-46.839845;757.6;492.94;-104.5;-87.68
698;-23.003807;-46.839901;757.4;499.38;-105.0;-87.85
699;-23.003796;-46.839929;757.0;502.51;-107.0;-87.93
700;-23.003794;-46.839947;756.3;504.33;-103.0;-87.98
701;-23.003785;-46.839972;756.5;507.07;-110.0;-88.05
702;-23.003779;-46.839996;756.7;509.59;-108.0;-88.11
703;-23.00377;-46.840028;753.8;513.11;-105.0;-88.2
704;-23.003761;-46.840048;753.3;515.4;-102.5;-88.26
705;-23.003757;-46.840076;752.6;518.26;-103.0;-88.33
706;-23.003752;-46.8401;751.9;520.78;-103.0;-88.39
707;-23.003729;-46.840162;752.6;527.58;-109.0;-88.56
708;-23.003716;-46.840196;752.5;531.35;-106.5;-88.66
709;-23.003705;-46.840228;752.6;534.84;-108.5;-88.74
710;-23.003699;-46.84024;752.9;536.21;-107.0;-88.77
711;-23.003693;-46.840241;752.9;536.55;-106.5;-88.78
712;-23.00369;-46.840248;752.5;537.36;-104.0;-88.8
713;-23.00369;-46.84025;752.3;537.56;-103.5;-88.81
714;-23.003689;-46.840251;752.5;537.68;-105.0;-88.81
715;-23.003689;-46.840252;752.6;537.77;-105.0;-88.81
716;-23.003688;-46.84025;752.2;537.64;-105.0;-88.81
717;-23.003687;-46.840249;751.8;537.61;-103.5;-88.81
718;-23.003685;-46.84025;751.4;537.8;-103.5;-88.81
719;-23.003683;-46.84025;751.3;537.89;-104.0;-88.82
720;-23.003681;-46.840249;751.0;537.89;-103.0;-88.82
721;-23.00368;-46.840249;751.0;537.93;-103.0;-88.82
722;-23.003679;-46.840248;751.3;537.86;-103.0;-88.81
723;-23.003677;-46.840248;751.5;537.93;-101.5;-88.82
724;-23.003674;-46.840248;751.7;538.05;-103.5;-88.82
725;-23.003671;-46.840249;751.9;538.26;-104.5;-88.82
726;-23.00367;-46.840251;752.0;538.48;-103.5;-88.83
727;-23.003667;-46.840253;752.2;538.79;-106.5;-88.84
728;-23.003663;-46.840254;752.7;539.03;-104.0;-88.84
729;-23.00366;-46.840256;753.0;539.33;-104.5;-88.85
730;-23.003658;-46.840256;753.1;539.41;-103.5;-88.85
731;-23.003656;-46.840256;753.0;539.5;-103.0;-88.85
732;-23.003651;-46.840256;753.6;539.68;-105.0;-88.86
733;-23.003648;-46.840257;753.6;539.9;-104.0;-88.86
734;-23.003648;-46.840259;753.4;540.1;-103.0;-88.87
735;-23.003649;-46.840262;753.3;540.34;-109.0;-88.87
736;-23.00365;-46.840264;753.4;540.49;-104.5;-88.88
737;-23.003649;-46.840264;753.2;540.54;-105.5;-88.88
738;-23.003648;-46.840264;753.1;540.58;-106.5;-88.88
739;-23.003646;-46.840263;753.1;540.57;-105.0;-88.88
740;-23.003646;-46.840262;753.0;540.48;-106.0;-88.88
741;-23.003646;-46.840261;753.0;540.39;-105.5;-88.88
742;-23.003647;-46.840261;752.9;540.35;-105.5;-88.87
743;-23.00365;-46.840263;752.2;540.44;-105.0;-88.88
744;-23.003652;-46.840264;751.7;540.48;-104.0;-88.88
745;-23.003654;-46.840265;751.5;540.5;-104.0;-88.88
746;-23.003655;-46.840265;751.1;540.47;-104.5;-88.88
747;-23.003657;-46.840265;750.5;540.42;-103.5;-88.88
748;-23.003656;-46.840264;750.5;540.36;-104.5;-88.88
749;-23.003657;-46.840263;750.3;540.24;-102.5;-88.87
750;-23.003657;-46.840263;750.4;540.23;-103.0;-88.87
751;-23.003658;-46.840262;750.0;540.12;-103.5;-88.87
752;-23.003663;-46.840264;748.9;540.15;-104.0;-88.87
753;-23.00367;-46.840267;747.3;540.23;-105.0;-88.87
754;-23.003674;-46.840267;746.2;540.12;-103.5;-88.87
755;-23.003677;-46.840267;745.8;540.02;-105.0;-88.87
756;-23.003679;-46.840267;745.3;539.97;-104.0;-88.87
757;-23.003682;-46.840267;744.9;539.87;-107.5;-88.86
758;-23.003684;-46.840267;744.3;539.82;-104.5;-88.86
759;-23.003686;-46.840268;744.0;539.85;-102.5;-88.86
760;-23.003687;-46.840269;743.8;539.92;-103.0;-88.86
761;-23.00369;-46.840271;743.5;540.0;-104.0;-88.87
762;-23.003691;-46.840271;743.1;539.99;-105.0;-88.87
763;-23.003693;-46.840271;742.8;539.92;-103.5;-88.86
764;-23.003694;-46.840271;742.5;539.9;-105.0;-88.86
765;-23.003697;-46.840271;742.3;539.79;-105.0;-88.86
766;-23.003699;-46.840271;742.3;539.71;-104.5;-88.86
767;-23.003699;-46.840272;743.1;539.76;-103.5;-88.86
768;-23.003698;-46.840272;744.5;539.71;-103.5;-88.86
769;-23.003697;-46.840272;745.6;539.69;-104.0;-88.86
770;-23.003694;-46.840274;747.7;539.89;-103.0;-88.86
771;-23.003693;-46.840276;749.4;540.04;-105.0;-88.87
772;-23.003692;-46.840278;750.7;540.21;-102.0;-88.87
773;-23.003693;-46.840279;751.4;540.23;-102.5;-88.87
774;-23.003694;-46.84028;751.4;540.29;-102.0;-88.87
775;-23.003695;-46.84028;751.2;540.26;-104.5;-88.87
776;-23.003695;-46.84028;750.7;540.28;-105.0;-88.87
777;-23.003694;-46.840279;750.7;540.22;-104.0;-88.87
778;-23.00369;-46.840277;751.1;540.18;-104.5;-88.87
779;-23.003687;-46.840275;751.3;540.1;-104.0;-88.87
780;-23.003686;-46.840274;751.9;540.02;-103.5;-88.87
781;-23.003683;-46.840271;752.5;539.83;-103.0;-88.86
782;-23.003681;-46.840271;753.6;539.87;-109.0;-88.86
783;-23.003679;-46.840267;754.9;539.52;-105.0;-88.85
784;-23.003676;-46.840266;756.4;539.49;-103.5;-88.85
785;-23.003675;-46.840265;756.8;539.42;-102.0;-88.85
786;-23.003674;-46.840264;757.2;539.35;-103.5;-88.85
787;-23.003671;-46.840262;757.4;539.28;-104.0;-88.85
788;-23.003667;-46.840261;757.8;539.34;-105.0;-88.85
789;-23.003666;-46.840261;758.2;539.37;-103.5;-88.85
790;-23.003664;-46.840261;758.4;539.44;-103.0;-88.85
791;-23.003665;-46.840261;758.3;539.4;-104.5;-88.85
792;-23.003669;-46.840265;757.9;539.63;-104.0;-88.86
793;-23.003671;-46.840267;757.0;539.77;-104.5;-88.86
794;-23.003674;-46.840268;756.5;539.76;-104.5;-88.86
795;-23.003678;-46.840268;756.1;539.61;-104.0;-88.86
796;-23.003681;-46.840269;755.8;539.59;-104.5;-88.86
797;-23.003686;-46.840272;755.5;539.68;-103.5;-88.86
798;-23.003688;-46.840273;755.1;539.71;-103.5;-88.86
799;-23.003691;-46.840274;754.7;539.7;-103.5;-88.86
800;-23.003694;-46.840275;754.3;539.69;-103.0;-88.86
801;-23.003697;-46.840277;753.5;539.79;-104.0;-88.86
802;-23.003699;-46.840278;752.9;539.83;-103.5;-88.86
803;-23.003702;-46.840277;752.1;539.65;-102.5;-88.86
804;-23.003704;-46.840278;751.9;539.67;-103.0;-88.86
805;-23.003706;-46.840277;751.3;539.52;-104.0;-88.85
806;-23.003709;-46.840279;750.1;539.65;-105.0;-88.86
807;-23.00371;-46.840279;749.4;539.64;-104.5;-88.86
808;-23.00371;-46.84028;749.1;539.75;-104.5;-88.86
809;-23.00371;-46.840279;748.9;539.66;-104.5;-88.86
810;-23.00371;-46.840278;748.8;539.57;-104.5;-88.86
811;-23.003711;-46.840277;748.6;539.45;-103.0;-88.85
812;-23.003712;-46.840277;748.7;539.4;-104.0;-88.85
813;-23.003712;-46.840277;748.9;539.39;-104.0;-88.85
814;-23.003713;-46.840277;748.9;539.35;-103.0;-88.85
815;-23.003713;-46.840276;748.7;539.27;-104.5;-88.85
816;-23.003711;-46.840275;748.6;539.26;-102.0;-88.85
817;-23.003709;-46.840273;748.6;539.15;-103.5;-88.85
818;-23.003705;-46.840271;748.7;539.11;-106.0;-88.85
819;-23.003702;-46.840268;748.8;538.94;-105.5;-88.84
820;-23.003698;-46.840266;749.0;538.9;-104.0;-88.84
821;-23.003693;-46.840265;749.2;539.0;-103.5;-88.84
822;-23.00369;-46.840264;749.1;539.03;-104.0;-88.84
823;-23.003688;-46.840264;749.0;539.12;-103.5;-88.85
824;-23.003686;-46.840263;749.1;539.1;-103.0;-88.84
825;-23.003683;-46.840263;749.5;539.21;-105.0;-88.85
826;-23.00368;-46.840259;749.9;538.93;-104.0;-88.84
827;-23.003677;-46.840255;750.3;538.65;-103.0;-88.83
828;-23.003676;-46.840248;750.1;538.04;-103.0;-88.82
829;-23.003673;-46.840242;750.1;537.59;-103.5;-88.81
830;-23.003672;-46.840237;749.7;537.18;-103.5;-88.8
831;-23.003671;-46.840233;749.4;536.85;-104.0;-88.79
832;-23.003673;-46.840229;748.7;536.43;-104.5;-88.78
833;-23.003675;-46.840226;747.8;536.1;-104.5;-88.77
834;-23.003676;-46.840225;747.1;536.01;-104.0;-88.77
835;-23.003675;-46.840224;747.0;535.96;-101.5;-88.77
836;-23.003674;-46.840224;747.2;535.99;-102.5;-88.77
837;-23.003674;-46.840221;747.2;535.7;-104.0;-88.76
838;-23.003676;-46.840219;747.3;535.43;-102.5;-88.76
839;-23.003677;-46.84022;747.2;535.48;-102.0;-88.76
840;-23.003678;-46.840221;746.8;535.56;-104.0;-88.76
841;-23.003681;-46.840223;746.6;535.64;-104.5;-88.76
842;-23.003684;-46.840226;746.6;535.8;-105.0;-88.76
843;-23.003685;-46.840228;746.9;535.93;-103.0;-88.77
844;-23.003685;-46.84023;747.1;536.11;-103.0;-88.77
845;-23.003685;-46.840233;747.3;536.38;-103.0;-88.78
846;-23.003684;-46.840235;747.6;536.6;-102.5;-88.78
847;-23.003684;-46.840237;747.9;536.77;-103.0;-88.79
848;-23.003685;-46.840239;748.3;536.9;-102.0;-88.79
849;-23.003687;-46.84024;748.3;536.92;-106.5;-88.79
850;-23.003687;-46.84024;748.3;536.92;-106.5;-88.79
851;-23.003647;-46.840364;745.2;550.5;-113.0;-89.12
852;-23.003646;-46.840367;744.3;550.87;-111.0;-89.13
853;-23.003647;-46.840365;743.6;550.68;-111.0;-89.12
854;-23.003647;-46.840365;743.6;550.68;-111.0;-89.12
855;-23.003647;-46.840365;743.6;550.68;-111.0;-89.12
856;-23.003616;-46.84047;743.2;561.95;-110.5;-89.39
857;-23.003616;-46.840474;743.5;562.31;-111.0;-89.39
858;-23.003615;-46.840476;743.7;562.53;-108.5;-89.4
859;-23.003614;-46.840478;744.0;562.75;-109.5;-89.4
860;-23.003614;-46.84048;744.1;562.93;-109.5;-89.41
861;-23.003612;-46.840484;744.2;563.39;-110.0;-89.42
862;-23.003612;-46.840486;744.3;563.57;-109.5;-89.42
863;-23.003612;-46.840487;744.4;563.66;-110.5;-89.43
864;-23.003612;-46.840488;744.3;563.76;-109.0;-89.43
865;-23.003611;-46.84049;744.3;563.99;-109.0;-89.43
866;-23.003611;-46.84049;744.3;563.99;-109.0;-89.43
867;-23.003611;-46.84049;744.3;563.99;-109.0;-89.43
868;-23.003611;-46.84049;744.3;563.99;-109.0;-89.43
869;-23.003611;-46.84049;744.3;563.99;-109.0;-89.43
870;-23.003611;-46.84049;744.3;563.99;-109.0;-89.43
871;-23.003611;-46.84049;744.3;563.99;-109.0;-89.43
872;-23.003611;-46.84049;744.3;563.99;-109.0;-89.43
873;-23.003611;-46.84049;744.3;563.99;-109.0;-89.43
874;-23.003611;-46.84049;744.3;563.99;-109.0;-89.43
875;-23.003611;-46.84049;744.3;563.99;-109.0;-89.43
876;-23.003611;-46.84049;744.3;563.99;-109.0;-89.43
877;-23.003572;-46.840643;742.4;580.24;-113.5;-89.8
878;-23.003572;-46.840643;742.4;580.24;-113.5;-89.8
879;-23.003572;-46.840643;742.4;580.24;-113.5;-89.8
880;-23.003572;-46.840643;742.4;580.24;-113.5;-89.8
881;-23.003572;-46.840643;742.4;580.24;-113.5;-89.8
882;-23.003572;-46.840643;742.4;580.24;-113.5;-89.8
883;-23.003572;-46.840643;742.4;580.24;-113.5;-89.8
884;-23.003572;-46.840643;742.4;580.24;-113.5;-89.8
885;-23.003572;-46.840643;742.4;580.24;-113.5;-89.8
886;-23.003572;-46.840643;742.4;580.24;-113.5;-89.8
887;-23.003572;-46.840643;742.4;580.24;-113.5;-89.8
888;-23.003572;-46.840643;742.4;580.24;-113.5;-89.8
889;-23.003572;-46.840643;742.4;580.24;-113.5;-89.8
890;-23.003572;-46.840643;742.4;580.24;-113.5;-89.8
891;-23.003572;-46.840643;742.4;580.24;-113.5;-89.8
892;-23.003572;-46.840643;742.4;580.24;-113.5;-89.8
893;-23.003572;-46.840643;742.4;580.24;-113.5;-89.8
894;-23.003572;-46.840643;742.4;580.24;-113.5;-89.8
895;-23.004662;-46.839558;755.9;438.28;-115.0;-86.15
896;-23.004662;-46.839558;755.9;438.28;-115.0;-86.15
897;-23.004757;-46.83926;751.9;406.54;-116.0;-85.17
898;-23.004788;-46.839173;756.5;396.91;-113.5;-84.86
899;-23.004788;-46.839173;756.5;396.91;-113.5;-84.86
900;-23.004845;-46.838995;759.3;377.72;-104.5;-84.21
901;-23.004845;-46.838995;759.3;377.72;-104.5;-84.21
902;-23.004902;-46.838819;762.0;358.77;-116.0;-83.54
903;-23.004917;-46.838779;762.1;354.45;-119.5;-83.38
904;-23.004917;-46.838779;762.1;354.45;-119.5;-83.38
905;-23.004917;-46.838779;762.1;354.45;-119.5;-83.38
906;-23.005033;-46.838478;764.9;321.89;-118.0;-82.13
907;-23.005047;-46.838435;765.5;317.29;-113.0;-81.94
908;-23.005062;-46.838392;766.1;312.67;-113.5;-81.75
909;-23.005062;-46.838392;766.1;312.67;-113.5;-81.75
910;-23.005062;-46.838392;766.1;312.67;-113.5;-81.75
911;-23.005161;-46.838076;767.0;279.14;-118.5;-80.27
912;-23.005175;-46.838037;766.7;275.01;-109.5;-80.08
913;-23.005175;-46.838037;766.7;275.01;-109.5;-80.08
914;-23.005175;-46.838037;766.7;275.01;-109.5;-80.08
915;-23.005296;-46.837703;767.6;239.65;-118.0;-78.28
916;-23.005296;-46.837703;767.6;239.65;-118.0;-78.28
917;-23.005369;-46.837501;766.9;218.54;-117.0;-77.08
918;-23.005389;-46.83745;767.1;213.22;-117.5;-76.76
919;-23.005389;-46.83745;767.1;213.22;-117.5;-76.76
920;-23.005459;-46.837239;766.3;191.51;-109.0;-75.36
921;-23.005473;-46.837201;766.0;187.64;-105.0;-75.09
922;-23.005484;-46.837169;766.6;184.35;-100.5;-74.86
923;-23.005496;-46.837135;766.8;180.89;-105.5;-74.62
924;-23.005521;-46.837055;766.1;172.82;-110.0;-74.02
925;-23.005548;-46.83699;768.2;166.22;-111.0;-73.52
926;-23.005567;-46.836931;768.1;160.34;-110.5;-73.05
927;-23.00559;-46.836875;768.1;154.84;-121.5;-72.59
928;-23.005608;-46.836818;768.1;149.23;-117.5;-72.11
929;-23.005634;-46.836735;768.1;141.16;-110.0;-71.39
930;-23.005634;-46.836735;768.1;141.16;-110.0;-71.39
931;-23.005706;-46.836516;768.3;120.53;-115.0;-69.33
932;-23.005706;-46.836516;768.3;120.53;-115.0;-69.33
933;-23.005781;-46.836288;768.9;100.52;-114.0;-66.96
934;-23.005808;-46.836215;768.8;94.75;-107.0;-66.19
935;-23.005826;-46.836171;768.8;91.52;-109.0;-65.74
936;-23.005839;-46.836131;768.8;88.54;-110.0;-65.31
937;-23.00585;-46.836087;770.1;85.12;-111.0;-64.8
938;-23.00585;-46.836087;770.1;85.12;-111.0;-64.8
941;-23.005996;-46.835655;771.2;65.99;-87.0;-61.48
942;-23.006016;-46.835593;771.8;65.48;-101.0;-61.38
943;-23.006037;-46.835531;771.9;65.8;-101.0;-61.44
944;-23.006037;-46.835531;771.9;65.8;-101.0;-61.44
945;-23.006121;-46.835277;773.2;73.6;-108.0;-62.9
946;-23.006137;-46.835231;773.1;76.1;-102.5;-63.34
947;-23.006147;-46.835199;773.1;77.86;-102.0;-63.63
948;-23.006159;-46.835163;773.2;80.06;-101.0;-64.0
949;-23.006183;-46.835092;773.8;84.77;-108.5;-64.74
950;-23.006204;-46.835036;773.9;89.01;-109.0;-65.38
951;-23.006204;-46.835036;773.9;89.01;-109.0;-65.38
952;-23.006289;-46.834796;775.4;108.84;-120.0;-68.0
953;-23.006311;-46.834732;776.2;114.52;-115.5;-68.66
954;-23.006343;-46.834639;776.3;123.0;-117.0;-69.59
955;-23.006343;-46.834639;776.3;123.0;-117.0;-69.59
958;-23.006479;-46.834239;779.0;161.64;-107.0;-73.15
959;-23.006479;-46.834239;779.0;161.64;-107.0;-73.15
960;-23.006479;-46.834239;779.0;161.64;-107.0;-73.15
961;-23.006599;-46.83388;781.3;197.97;-118.5;-75.79
962;-23.006621;-46.833821;781.9;204.21;-114.0;-76.2
963;-23.00665;-46.833732;782.3;213.35;-120.5;-76.77
964;-23.00665;-46.833732;782.3;213.35;-120.5;-76.77
965;-23.00665;-46.833732;782.3;213.35;-120.5;-76.77
966;-23.006771;-46.83334;788.1;253.81;-108.5;-79.03
967;-23.006783;-46.833275;788.5;260.05;-115.0;-79.35
968;-23.006785;-46.833209;789.2;265.81;-111.5;-79.63
969;-23.006779;-46.83313;788.0;272.16;-115.0;-79.94
970;-23.006779;-46.83313;788.0;272.16;-115.0;-79.94
971;-23.006779;-46.83313;788.0;272.16;-115.0;-79.94
972;-23.006779;-46.83313;788.0;272.16;-115.0;-79.94
973;-23.00661;-46.832297;789.8;339.62;-115.5;-82.82
974;-23.006571;-46.832224;812.98;346.72;-114.0;-83.09
975;-23.006532;-46.832161;793.1;349.66;-113.5;-83.2
976;-23.006486;-46.832086;793.0;355.21;-116.5;-83.41
977;-23.006486;-46.832086;793.0;355.21;-116.5;-83.41
978;-23.006333;-46.832072;790.8;351.42;-100.0;-83.27
979;-23.006306;-46.832108;789.5;347.0;-92.0;-83.1
980;-23.006289;-46.832156;787.8;341.7;-102.5;-82.9
981;-23.00627;-46.832235;784.8;333.25;-103.0;-82.58
982;-23.006256;-46.832282;784.2;328.19;-109.5;-82.38
983;-23.006242;-46.83233;782.7;323.0;-108.0;-82.17
984;-23.006227;-46.83238;782.2;317.62;-109.5;-81.95
985;-23.006213;-46.832428;781.2;312.45;-101.5;-81.74
988;-23.006151;-46.832616;775.0;292.01;-107.0;-80.86
989;-23.006128;-46.832679;773.6;285.13;-103.5;-80.55
990;-23.006111;-46.83273;772.4;279.61;-108.0;-80.29
991;-23.006092;-46.832795;771.1;272.65;-107.5;-79.96
992;-23.006074;-46.832855;770.7;266.21;-103.5;-79.65
993;-23.006044;-46.83293;770.8;257.94;-102.0;-79.24
994;-23.006017;-46.833006;1425.16;696.06;-99.5;-92.17
995;-23.006017;-46.833006;1425.16;696.06;-100.5;-92.17
997;-23.00594;-46.833241;765.9;224.42;-98.5;-77.43
998;-23.005922;-46.833298;765.8;218.29;-107.5;-77.07
999;-23.005906;-46.833351;765.3;212.63;-101.0;-76.72
1000;-23.005879;-46.833433;764.3;203.83;-104.5;-76.17
1001;-23.005861;-46.833487;763.4;198.06;-98.5;-75.8
1002;-23.005844;-46.833543;763.4;192.06;-103.0;-75.4
1003;-23.005844;-46.833543;763.4;192.06;-103.0;-75.4
1004;-23.005758;-46.833807;763.1;163.72;-91.0;-73.32
1005;-23.00573;-46.833896;762.8;154.23;-90.0;-72.54
1006;-23.005711;-46.833961;762.4;147.36;-88.0;-71.95
1007;-23.005692;-46.834028;762.2;140.28;-82.5;-71.3
1008;-23.005667;-46.834093;761.5;133.34;-81.5;-70.64
1009;-23.005648;-46.834163;760.4;126.1;-80.5;-69.92
1010;-23.005611;-46.834267;760.0;115.09;-75.0;-68.73
1011;-23.005587;-46.834336;758.3;108.06;-73.0;-67.9
1012;-23.005563;-46.834406;757.5;100.87;-75.0;-67.01
1013;-23.00554;-46.834467;756.1;94.78;-84.5;-66.2
1014;-23.005518;-46.83453;755.7;88.4;-83.5;-65.29
1015;-23.005487;-46.834617;755.0;79.76;-79.5;-63.95
1016;-23.005472;-46.834661;755.0;75.38;-74.0;-63.21
1017;-23.005459;-46.834701;754.8;71.51;-77.5;-62.53
1018;-23.005442;-46.834742;755.3;67.39;-72.0;-61.75
1019;-23.005425;-46.834799;755.3;61.96;-71.0;-60.66
1020;-23.005415;-46.834853;755.6;56.77;-75.0;-59.52
1021;-23.005406;-46.834913;756.7;50.8;-70.0;-58.07
1022;-23.005402;-46.834973;756.5;45.36;-75.0;-56.59
1023;-23.0054;-46.835031;756.3;40.26;-74.0;-55.04
1024;-23.005394;-46.835108;755.9;34.08;-65.5;-52.87
1025;-23.005383;-46.835154;756.1;30.73;-64.5;-51.52
1026;-23.005371;-46.835205;756.5;27.42;-62.5;-50.04
1027;-23.005359;-46.835251;757.0;25.02;-59.0;-48.84
1028;-23.005342;-46.835311;756.7;23.94;-48.5;-48.27
1029;-23.005338;-46.835341;757.8;22.76;-50.5;-47.61
1030;-23.005339;-46.83535;758.2;22.28;-62.5;-47.33
1031;-23.00534;-46.835352;757.9;22.42;-63.5;-47.42
1032;-23.005343;-46.835355;758.3;21.88;-60.0;-47.1
1033;-23.005344;-46.835356;758.5;21.65;-64.5;-46.96
1034;-23.005346;-46.835357;758.6;21.43;-64.5;-46.82
1035;-23.005346;-46.835357;758.6;21.43;-64.5;-46.82
1036;-23.005346;-46.835357;758.6;21.43;-64.5;-46.82
1037;-23.005346;-46.835357;758.6;21.43;-64.5;-46.82
1038;-23.005346;-46.835357;758.6;21.43;-64.5;-46.82
1039;-23.005346;-46.835357;758.6;21.43;-64.5;-46.82
1040;-23.005346;-46.835357;758.6;21.43;-64.5;-46.82
1041;-23.005346;-46.835357;758.6;21.43;-64.5;-46.82
1042;-23.005346;-46.835357;758.6;21.43;-64.5;-46.82
1043;-23.005346;-46.835357;758.6;21.43;-64.5;-46.82
1044;-23.005346;-46.835357;758.6;21.43;-64.5;-46.82
1045;-23.005346;-46.835357;758.6;21.43;-64.5;-46.82
1046;-23.005346;-46.835357;758.6;21.43;-64.5;-46.82
1047;-23.005346;-46.835357;758.6;21.43;-64.5;-46.82
1048;-23.005346;-46.835357;758.6;21.43;-64.5;-46.82
1049;-23.005346;-46.835357;758.6;21.43;-64.5;-46.82
1050;-23.005346;-46.835357;758.6;21.43;-64.5;-46.82
