301;-66.50;-67.50;20.0;86.50;87.50;48.57;63.00;62.00;1258.2;-129.5;2.00;3.50;5.00;10.0;30.0;Regiao1 n=2.0 d<=10m;EXCELENTE
302;-66.50;-67.50;20.0;86.50;87.50;48.57;63.00;62.00;1258.2;-129.5;2.00;3.50;5.00;10.0;30.0;Regiao1 n=2.0 d<=10m;EXCELENTE
303;-66.50;-66.50;20.0;86.50;86.50;48.57;63.00;63.00;1258.2;-129.5;2.00;3.50;5.00;10.0;30.0;Regiao1 n=2.0 d<=10m;EXCELENTE
304;-66.50;-66.50;20.0;86.50;86.50;48.57;63.00;63.00;1258.2;-129.5;2.00;3.50;5.00;10.0;30.0;Regiao1 n=2.0 d<=10m;EXCELENTE
305;-66.50;-66.50;20.0;86.50;86.50;48.57;63.00;63.00;1258.2;-129.5;2.00;3.50;5.00;10.0;30.0;Regiao1 n=2.0 d<=10m;EXCELENTE
306;-66.50;-66.50;20.0;86.50;86.50;48.57;63.00;63.00;1258.2;-129.5;2.00;3.50;5.00;10.0;30.0;Regiao1 n=2.0 d<=10m;EXCELENTE
307;-66.50;-66.50;20.0;86.50;86.50;48.57;63.00;63.00;1258.2;-129.5;2.00;3.50;5.00;10.0;30.0;Regiao1 n=2.0 d<=10m;EXCELENTE
308;-66.50;-66.50;20.0;86.50;86.50;48.57;63.00;63.00;1258.2;-129.5;2.00;3.50;5.00;10.0;30.0;Regiao1 n=2.0 d<=10m;EXCELENTE
309;-66.50;-66.50;20.0;86.50;86.50;48.57;63.00;63.00;1258.2;-129.5;2.00;3.50;5.00;10.0;30.0;Regiao1 n=2.0 d<=10m;EXCELENTE
310;-66.50;-67.50;20.0;86.50;87.50;48.57;63.00;62.00;1258.2;-129.5;2.00;3.50;5.00;10.0;30.0;Regiao1 n=2.0 d<=10m;EXCELENTE
311;-66.50;-67.50;20.0;86.50;87.50;48.57;63.00;62.00;1258.2;-129.5;2.00;3.50;5.00;10.0;30.0;Regiao1 n=2.0 d<=10m;EXCELENTE
312;-67.50;-67.50;20.0;87.50;87.50;48.57;62.00;62.00;1258.2;-129.5;2.00;3.50;5.00;10.0;30.0;Regiao1 n=2.0 d<=10m;EXCELENTE
313;-66.50;-67.50;20.0;86.50;87.50;48.57;63.00;62.00;1258.2;-129.5;2.00;3.50;5.00;10.0;30.0;Regiao1 n=2.0 d<=10m;EXCELENTE
314;-68.50;-71.00;20.0;88.50;91.00;48.57;61.00;58.50;1258.2;-129.5;2.00;3.50;5.00;10.0;30.0;Regiao1 n=2.0 d<=10m;EXCELENTE
315;-67.50;-67.50;20.0;87.50;87.50;48.57;62.00;62.00;1258.2;-129.5;2.00;3.50;5.00;10.0;30.0;Regiao1 n=2.0 d<=10m;EXCELENTE
316;-68.50;-68.50;20.0;88.50;88.50;48.57;61.00;61.00;1258.2;-129.5;2.00;3.50;5.00;10.0;30.0;Regiao1 n=2.0 d<=10m;EXCELENTE
317;-67.50;-67.50;20.0;87.50;87.50;48.57;62.00;62.00;1258.2;-129.5;2.00;3.50;5.00;10.0;30.0;Regiao1 n=2.0 d<=10m;EXCELENTE
318;-67.50;-67.50;20.0;87.50;87.50;48.57;62.00;62.00;1258.2;-129.5;2.00;3.50;5.00;10.0;30.0;Regiao1 n=2.0 d<=10m;EXCELENTE
319;-67.50;-67.50;20.0;87.50;87.50;48.57;62.00;62.00;1258.2;-129.5;2.00;3.50;5.00;10.0;30.0;Regiao1 n=2.0 d<=10m;EXCELENTE
320;-71.00;-68.50;20.0;91.00;88.50;48.57;58.50;61.00;1258.2;-129.5;2.00;3.50;5.00;10.0;30.0;Regiao1 n=2.0 d<=10m;EXCELENTE
321;-67.50;-67.50;20.0;87.50;87.50;48.57;62.00;62.00;1258.2;-129.5;2.00;3.50;5.00;10.0;30.0;Regiao1 n=2.0 d<=10m;EXCELENTE
322;-67.50;-68.50;20.0;87.50;88.50;48.57;62.00;61.00;1258.2;-129.5;2.00;3.50;5.00;10.0;30.0;Regiao1 n=2.0 d<=10m;EXCELENTE
323;-67.50;-67.50;20.0;87.50;87.50;48.57;62.00;62.00;1258.2;-129.5;2.00;3.50;5.00;10.0;30.0;Regiao1 n=2.0 d<=10m;EXCELENTE
324;-66.50;-66.50;20.0;86.50;86.50;48.57;63.00;63.00;1258.2;-129.5;2.00;3.50;5.00;10.0;30.0;Regiao1 n=2.0 d<=10m;EXCELENTE
325;-67.50;-67.50;20.0;87.50;87.50;48.57;62.00;62.00;1258.2;-129.5;2.00;3.50;5.00;10.0;30.0;Regiao1 n=2.0 d<=10m;EXCELENTE
326;-66.50;-67.50;20.0;86.50;87.50;48.57;63.00;62.00;1258.2;-129.5;2.00;3.50;5.00;10.0;30.0;Regiao1 n=2.0 d<=10m;EXCELENTE
327;-66.50;-67.50;20.0;86.50;87.50;48.57;63.00;62.00;1258.2;-129.5;2.00;3.50;5.00;10.0;30.0;Regiao1 n=2.0 d<=10m;EXCELENTE
328;-67.50;-67.50;20.0;87.50;87.50;48.57;62.00;62.00;1258.2;-129.5;2.00;3.50;5.00;10.0;30.0;Regiao1 n=2.0 d<=10m;EXCELENTE
329;-67.50;-68.50;20.0;87.50;88.50;48.57;62.00;61.00;1258.2;-129.5;2.00;3.50;5.00;10.0;30.0;Regiao1 n=2.0 d<=10m;EXCELENTE
330;-67.50;-67.50;20.0;87.50;87.50;48.57;62.00;62.00;1258.2;-129.5;2.00;3.50;5.00;10.0;30.0;Regiao1 n=2.0 d<=10m;EXCELENTE
331;-68.50;-68.50;20.0;88.50;88.50;48.57;61.00;61.00;1258.2;-129.5;2.00;3.50;5.00;10.0;30.0;Regiao1 n=2.0 d<=10m;EXCELENTE
332;-67.50;-68.50;20.0;87.50;88.50;48.57;62.00;61.00;1258.2;-129.5;2.00;3.50;5.00;10.0;30.0;Regiao1 n=2.0 d<=10m;EXCELENTE
333;-67.50;-67.50;20.0;87.50;87.50;48.57;62.00;62.00;1258.2;-129.5;2.00;3.50;5.00;10.0;30.0;Regiao1 n=2.0 d<=10m;EXCELENTE
334;-67.50;-67.50;20.0;87.50;87.50;48.57;62.00;62.00;1258.2;-129.5;2.00;3.50;5.00;10.0;30.0;Regiao1 n=2.0 d<=10m;EXCELENTE
335;-67.50;-67.50;20.0;87.50;87.50;48.57;62.00;62.00;1258.2;-129.5;2.00;3.50;5.00;10.0;30.0;Regiao1 n=2.0 d<=10m;EXCELENTE
336;-67.50;-67.50;20.0;87.50;87.50;48.57;62.00;62.00;1258.2;-129.5;2.00;3.50;5.00;10.0;30.0;Regiao1 n=2.0 d<=10m;EXCELENTE
337;-68.50;-68.50;20.0;88.50;88.50;48.57;61.00;61.00;1258.2;-129.5;2.00;3.50;5.00;10.0;30.0;Regiao1 n=2.0 d<=10m;EXCELENTE
338;-67.50;-68.50;20.0;87.50;88.50;48.57;62.00;61.00;1258.2;-129.5;2.00;3.50;5.00;10.0;30.0;Regiao1 n=2.0 d<=10m;EXCELENTE
339;-67.50;-67.50;20.0;87.50;87.50;48.57;62.00;62.00;1258.2;-129.5;2.00;3.50;5.00;10.0;30.0;Regiao1 n=2.0 d<=10m;EXCELENTE
340;-67.50;-67.50;20.0;87.50;87.50;48.57;62.00;62.00;1258.2;-129.5;2.00;3.50;5.00;10.0;30.0;Regiao1 n=2.0 d<=10m;EXCELENTE
341;-67.50;-67.50;20.0;87.50;87.50;48.57;62.00;62.00;1258.2;-129.5;2.00;3.50;5.00;10.0;30.0;Regiao1 n=2.0 d<=10m;EXCELENTE
342;-67.50;-67.50;20.0;87.50;87.50;48.57;62.00;62.00;1258.2;-129.5;2.00;3.50;5.00;10.0;30.0;Regiao1 n=2.0 d<=10m;EXCELENTE
343;-66.50;-67.50;20.0;86.50;87.50;48.57;63.00;62.00;1258.2;-129.5;2.00;3.50;5.00;10.0;30.0;Regiao1 n=2.0 d<=10m;EXCELENTE
344;-67.50;-67.50;20.0;87.50;87.50;48.57;62.00;62.00;1258.2;-129.5;2.00;3.50;5.00;10.0;30.0;Regiao1 n=2.0 d<=10m;EXCELENTE
345;-67.50;-68.50;20.0;87.50;88.50;48.57;62.00;61.00;1258.2;-129.5;2.00;3.50;5.00;10.0;30.0;Regiao1 n=2.0 d<=10m;EXCELENTE
346;-67.50;-67.50;20.0;87.50;87.50;48.57;62.00;62.00;1258.2;-129.5;2.00;3.50;5.00;10.0;30.0;Regiao1 n=2.0 d<=10m;EXCELENTE
347;-67.50;-67.50;20.0;87.50;87.50;48.57;62.00;62.00;1258.2;-129.5;2.00;3.50;5.00;10.0;30.0;Regiao1 n=2.0 d<=10m;EXCELENTE
348;-67.50;-67.50;20.0;87.50;87.50;48.57;62.00;62.00;1258.2;-129.5;2.00;3.50;5.00;10.0;30.0;Regiao1 n=2.0 d<=10m;EXCELENTE
349;-67.50;-67.50;20.0;87.50;87.50;48.57;62.00;62.00;1258.2;-129.5;2.00;3.50;5.00;10.0;30.0;Regiao1 n=2.0 d<=10m;EXCELENTE
350;-67.50;-67.50;20.0;87.50;87.50;48.57;62.00;62.00;1258.2;-129.5;2.00;3.50;5.00;10.0;30.0;Regiao1 n=2.0 d<=10m;EXCELENTE
351;-67.50;-67.50;20.0;87.50;87.50;48.57;62.00;62.00;1258.2;-129.5;2.00;3.50;5.00;10.0;30.0;Regiao1 n=2.0 d<=10m;EXCELENTE
352;-67.50;-67.50;20.0;87.50;87.50;48.57;62.00;62.00;1258.2;-129.5;2.00;3.50;5.00;10.0;30.0;Regiao1 n=2.0 d<=10m;EXCELENTE
353;-67.50;-67.50;20.0;87.50;87.50;48.57;62.00;62.00;1258.2;-129.5;2.00;3.50;5.00;10.0;30.0;Regiao1 n=2.0 d<=10m;EXCELENTE
354;-67.50;-67.50;20.0;87.50;87.50;48.57;62.00;62.00;1258.2;-129.5;2.00;3.50;5.00;10.0;30.0;Regiao1 n=2.0 d<=10m;EXCELENTE
355;-66.50;-67.50;20.0;86.50;87.50;48.57;63.00;62.00;1258.2;-129.5;2.00;3.50;5.00;10.0;30.0;Regiao1 n=2.0 d<=10m;EXCELENTE
356;-65.50;-66.50;20.0;85.50;86.50;48.57;64.00;63.00;1258.2;-129.5;2.00;3.50;5.00;10.0;30.0;Regiao1 n=2.0 d<=10m;EXCELENTE
357;-65.50;-66.50;20.0;85.50;86.50;48.57;64.00;63.00;1258.2;-129.5;2.00;3.50;5.00;10.0;30.0;Regiao1 n=2.0 d<=10m;EXCELENTE
358;-65.50;-66.50;20.0;85.50;86.50;48.57;64.00;63.00;1258.2;-129.5;2.00;3.50;5.00;10.0;30.0;Regiao1 n=2.0 d<=10m;EXCELENTE
359;-65.50;-66.50;20.0;85.50;86.50;48.57;64.00;63.00;1258.2;-129.5;2.00;3.50;5.00;10.0;30.0;Regiao1 n=2.0 d<=10m;EXCELENTE
360;-65.50;-66.50;20.0;85.50;86.50;48.57;64.00;63.00;1258.2;-129.5;2.00;3.50;5.00;10.0;30.0;Regiao1 n=2.0 d<=10m;EXCELENTE
361;-66.50;-66.50;20.0;86.50;86.50;48.57;63.00;63.00;1258.2;-129.5;2.00;3.50;5.00;10.0;30.0;Regiao1 n=2.0 d<=10m;EXCELENTE
362;-66.50;-66.50;20.0;86.50;86.50;48.57;63.00;63.00;1258.2;-129.5;2.00;3.50;5.00;10.0;30.0;Regiao1 n=2.0 d<=10m;EXCELENTE
363;-65.50;-66.50;20.0;85.50;86.50;48.57;64.00;63.00;1258.2;-129.5;2.00;3.50;5.00;10.0;30.0;Regiao1 n=2.0 d<=10m;EXCELENTE
364;-67.50;-67.50;20.0;87.50;87.50;48.57;62.00;62.00;1258.2;-129.5;2.00;3.50;5.00;10.0;30.0;Regiao1 n=2.0 d<=10m;EXCELENTE
365;-67.50;-67.50;20.0;87.50;87.50;48.57;62.00;62.00;1258.2;-129.5;2.00;3.50;5.00;10.0;30.0;Regiao1 n=2.0 d<=10m;EXCELENTE
366;-67.50;-67.50;20.0;87.50;87.50;48.57;62.00;62.00;1258.2;-129.5;2.00;3.50;5.00;10.0;30.0;Regiao1 n=2.0 d<=10m;EXCELENTE
367;-67.50;-68.50;20.0;87.50;88.50;48.57;62.00;61.00;1258.2;-129.5;2.00;3.50;5.00;10.0;30.0;Regiao1 n=2.0 d<=10m;EXCELENTE
368;-67.50;-67.50;20.0;87.50;87.50;48.57;62.00;62.00;1258.2;-129.5;2.00;3.50;5.00;10.0;30.0;Regiao1 n=2.0 d<=10m;EXCELENTE
369;-67.50;-67.50;20.0;87.50;87.50;48.57;62.00;62.00;1258.2;-129.5;2.00;3.50;5.00;10.0;30.0;Regiao1 n=2.0 d<=10m;EXCELENTE
370;-66.50;-66.50;20.0;86.50;86.50;48.57;63.00;63.00;1258.2;-129.5;2.00;3.50;5.00;10.0;30.0;Regiao1 n=2.0 d<=10m;EXCELENTE
371;-67.50;-67.50;20.0;87.50;87.50;48.57;62.00;62.00;1258.2;-129.5;2.00;3.50;5.00;10.0;30.0;Regiao1 n=2.0 d<=10m;EXCELENTE
372;-67.50;-67.50;20.0;87.50;87.50;48.57;62.00;62.00;1258.2;-129.5;2.00;3.50;5.00;10.0;30.0;Regiao1 n=2.0 d<=10m;EXCELENTE
373;-67.50;-67.50;20.0;87.50;87.50;48.57;62.00;62.00;1258.2;-129.5;2.00;3.50;5.00;10.0;30.0;Regiao1 n=2.0 d<=10m;EXCELENTE
374;-67.50;-67.50;20.0;87.50;87.50;48.57;62.00;62.00;1258.2;-129.5;2.00;3.50;5.00;10.0;30.0;Regiao1 n=2.0 d<=10m;EXCELENTE
375;-67.50;-67.50;20.0;87.50;87.50;48.57;62.00;62.00;1258.2;-129.5;2.00;3.50;5.00;10.0;30.0;Regiao1 n=2.0 d<=10m;EXCELENTE
376;-67.50;-67.50;20.0;87.50;87.50;48.57;62.00;62.00;1258.2;-129.5;2.00;3.50;5.00;10.0;30.0;Regiao1 n=2.0 d<=10m;EXCELENTE
377;-66.50;-66.50;20.0;86.50;86.50;48.57;63.00;63.00;1258.2;-129.5;2.00;3.50;5.00;10.0;30.0;Regiao1 n=2.0 d<=10m;EXCELENTE
378;-67.50;-67.50;20.0;87.50;87.50;48.57;62.00;62.00;1258.2;-129.5;2.00;3.50;5.00;10.0;30.0;Regiao1 n=2.0 d<=10m;EXCELENTE
379;-67.50;-67.50;20.0;87.50;87.50;48.57;62.00;62.00;1258.2;-129.5;2.00;3.50;5.00;10.0;30.0;Regiao1 n=2.0 d<=10m;EXCELENTE
380;-67.50;-67.50;20.0;87.50;87.50;48.57;62.00;62.00;1258.2;-129.5;2.00;3.50;5.00;10.0;30.0;Regiao1 n=2.0 d<=10m;EXCELENTE
381;-67.50;-67.50;20.0;87.50;87.50;48.57;62.00;62.00;1258.2;-129.5;2.00;3.50;5.00;10.0;30.0;Regiao1 n=2.0 d<=10m;EXCELENTE
382;-66.50;-67.50;20.0;86.50;87.50;48.57;63.00;62.00;1258.2;-129.5;2.00;3.50;5.00;10.0;30.0;Regiao1 n=2.0 d<=10m;EXCELENTE
383;-67.50;-67.50;20.0;87.50;87.50;48.57;62.00;62.00;1258.2;-129.5;2.00;3.50;5.00;10.0;30.0;Regiao1 n=2.0 d<=10m;EXCELENTE
384;-67.50;-67.50;20.0;87.50;87.50;48.57;62.00;62.00;1258.2;-129.5;2.00;3.50;5.00;10.0;30.0;Regiao1 n=2.0 d<=10m;EXCELENTE
385;-67.50;-67.50;20.0;87.50;87.50;48.57;62.00;62.00;1258.2;-129.5;2.00;3.50;5.00;10.0;30.0;Regiao1 n=2.0 d<=10m;EXCELENTE
386;-67.50;-67.50;20.0;87.50;87.50;48.57;62.00;62.00;1258.2;-129.5;2.00;3.50;5.00;10.0;30.0;Regiao1 n=2.0 d<=10m;EXCELENTE
387;-66.50;-67.50;20.0;86.50;87.50;48.57;63.00;62.00;1258.2;-129.5;2.00;3.50;5.00;10.0;30.0;Regiao1 n=2.0 d<=10m;EXCELENTE
388;-66.50;-67.50;20.0;86.50;87.50;48.57;63.00;62.00;1258.2;-129.5;2.00;3.50;5.00;10.0;30.0;Regiao1 n=2.0 d<=10m;EXCELENTE
389;-67.50;-67.50;20.0;87.50;87.50;48.57;62.00;62.00;1258.2;-129.5;2.00;3.50;5.00;10.0;30.0;Regiao1 n=2.0 d<=10m;EXCELENTE
390;-67.50;-67.50;20.0;87.50;87.50;48.57;62.00;62.00;1258.2;-129.5;2.00;3.50;5.00;10.0;30.0;Regiao1 n=2.0 d<=10m;EXCELENTE
391;-67.50;-67.50;20.0;87.50;87.50;48.57;62.00;62.00;1258.2;-129.5;2.00;3.50;5.00;10.0;30.0;Regiao1 n=2.0 d<=10m;EXCELENTE
392;-67.50;-67.50;20.0;87.50;87.50;48.57;62.00;62.00;1258.2;-129.5;2.00;3.50;5.00;10.0;30.0;Regiao1 n=2.0 d<=10m;EXCELENTE
393;-67.50;-67.50;20.0;87.50;87.50;48.57;62.00;62.00;1258.2;-129.5;2.00;3.50;5.00;10.0;30.0;Regiao1 n=2.0 d<=10m;EXCELENTE
394;-67.50;-67.50;20.0;87.50;87.50;48.57;62.00;62.00;1258.2;-129.5;2.00;3.50;5.00;10.0;30.0;Regiao1 n=2.0 d<=10m;EXCELENTE
395;-67.50;-67.50;20.0;87.50;87.50;48.57;62.00;62.00;1258.2;-129.5;2.00;3.50;5.00;10.0;30.0;Regiao1 n=2.0 d<=10m;EXCELENTE
396;-67.50;-67.50;20.0;87.50;87.50;48.57;62.00;62.00;1258.2;-129.5;2.00;3.50;5.00;10.0;30.0;Regiao1 n=2.0 d<=10m;EXCELENTE
397;-67.50;-67.50;20.0;87.50;87.50;48.57;62.00;62.00;1258.2;-129.5;2.00;3.50;5.00;10.0;30.0;Regiao1 n=2.0 d<=10m;EXCELENTE
398;-67.50;-67.50;20.0;87.50;87.50;48.57;62.00;62.00;1258.2;-129.5;2.00;3.50;5.00;10.0;30.0;Regiao1 n=2.0 d<=10m;EXCELENTE
399;-67.50;-67.50;20.0;87.50;87.50;48.57;62.00;62.00;1258.2;-129.5;2.00;3.50;5.00;10.0;30.0;Regiao1 n=2.0 d<=10m;EXCELENTE
400;-67.50;-67.50;20.0;87.50;87.50;48.57;62.00;62.00;1258.2;-129.5;2.00;3.50;5.00;10.0;30.0;Regiao1 n=2.0 d<=10m;EXCELENTE
401;-66.50;-67.50;20.0;86.50;87.50;48.57;63.00;62.00;1258.2;-129.5;2.00;3.50;5.00;10.0;30.0;Regiao1 n=2.0 d<=10m;EXCELENTE
402;-66.50;-67.50;20.0;86.50;87.50;48.57;63.00;62.00;1258.2;-129.5;2.00;3.50;5.00;10.0;30.0;Regiao1 n=2.0 d<=10m;EXCELENTE
403;-66.50;-67.50;20.0;86.50;87.50;48.57;63.00;62.00;1258.2;-129.5;2.00;3.50;5.00;10.0;30.0;Regiao1 n=2.0 d<=10m;EXCELENTE
404;-66.50;-67.50;20.0;86.50;87.50;48.57;63.00;62.00;1258.2;-129.5;2.00;3.50;5.00;10.0;30.0;Regiao1 n=2.0 d<=10m;EXCELENTE
405;-66.50;-66.50;20.0;86.50;86.50;48.57;63.00;63.00;1258.2;-129.5;2.00;3.50;5.00;10.0;30.0;Regiao1 n=2.0 d<=10m;EXCELENTE
406;-66.50;-66.50;20.0;86.50;86.50;48.57;63.00;63.00;1258.2;-129.5;2.00;3.50;5.00;10.0;30.0;Regiao1 n=2.0 d<=10m;EXCELENTE
407;-65.50;-66.50;20.0;85.50;86.50;48.57;64.00;63.00;1258.2;-129.5;2.00;3.50;5.00;10.0;30.0;Regiao1 n=2.0 d<=10m;EXCELENTE
408;-65.50;-66.50;20.0;85.50;86.50;48.57;64.00;63.00;1258.2;-129.5;2.00;3.50;5.00;10.0;30.0;Regiao1 n=2.0 d<=10m;EXCELENTE
409;-66.50;-65.50;20.0;86.50;85.50;48.57;63.00;64.00;1258.2;-129.5;2.00;3.50;5.00;10.0;30.0;Regiao1 n=2.0 d<=10m;EXCELENTE
410;-66.50;-66.50;20.0;86.50;86.50;48.57;63.00;63.00;1258.2;-129.5;2.00;3.50;5.00;10.0;30.0;Regiao1 n=2.0 d<=10m;EXCELENTE
411;-65.50;-66.50;20.0;85.50;86.50;48.57;64.00;63.00;1258.2;-129.5;2.00;3.50;5.00;10.0;30.0;Regiao1 n=2.0 d<=10m;EXCELENTE
412;-65.50;-65.50;20.0;85.50;85.50;48.57;64.00;64.00;1258.2;-129.5;2.00;3.50;5.00;10.0;30.0;Regiao1 n=2.0 d<=10m;EXCELENTE
413;-65.50;-66.50;20.0;85.50;86.50;48.57;64.00;63.00;1258.2;-129.5;2.00;3.50;5.00;10.0;30.0;Regiao1 n=2.0 d<=10m;EXCELENTE
414;-66.50;-66.50;20.0;86.50;86.50;48.57;63.00;63.00;1258.2;-129.5;2.00;3.50;5.00;10.0;30.0;Regiao1 n=2.0 d<=10m;EXCELENTE
415;-65.50;-66.50;20.0;85.50;86.50;48.57;64.00;63.00;1258.2;-129.5;2.00;3.50;5.00;10.0;30.0;Regiao1 n=2.0 d<=10m;EXCELENTE
416;-65.50;-66.50;20.0;85.50;86.50;48.57;64.00;63.00;1258.2;-129.5;2.00;3.50;5.00;10.0;30.0;Regiao1 n=2.0 d<=10m;EXCELENTE
417;-65.50;-66.50;20.0;85.50;86.50;48.57;64.00;63.00;1258.2;-129.5;2.00;3.50;5.00;10.0;30.0;Regiao1 n=2.0 d<=10m;EXCELENTE
418;-66.50;-67.50;20.0;86.50;87.50;48.57;63.00;62.00;1258.2;-129.5;2.00;3.50;5.00;10.0;30.0;Regiao1 n=2.0 d<=10m;EXCELENTE
419;-66.50;-67.50;20.0;86.50;87.50;48.57;63.00;62.00;1258.2;-129.5;2.00;3.50;5.00;10.0;30.0;Regiao1 n=2.0 d<=10m;EXCELENTE
420;-67.50;-67.50;20.0;87.50;87.50;48.57;62.00;62.00;1258.2;-129.5;2.00;3.50;5.00;10.0;30.0;Regiao1 n=2.0 d<=10m;EXCELENTE
421;-67.50;-67.50;20.0;87.50;87.50;48.57;62.00;62.00;1258.2;-129.5;2.00;3.50;5.00;10.0;30.0;Regiao1 n=2.0 d<=10m;EXCELENTE
422;-67.50;-67.50;20.0;87.50;87.50;48.57;62.00;62.00;1258.2;-129.5;2.00;3.50;5.00;10.0;30.0;Regiao1 n=2.0 d<=10m;EXCELENTE
423;-67.50;-67.50;20.0;87.50;87.50;48.57;62.00;62.00;1258.2;-129.5;2.00;3.50;5.00;10.0;30.0;Regiao1 n=2.0 d<=10m;EXCELENTE
424;-67.50;-67.50;20.0;87.50;87.50;48.57;62.00;62.00;1258.2;-129.5;2.00;3.50;5.00;10.0;30.0;Regiao1 n=2.0 d<=10m;EXCELENTE
425;-67.50;-67.50;20.0;87.50;87.50;48.57;62.00;62.00;1258.2;-129.5;2.00;3.50;5.00;10.0;30.0;Regiao1 n=2.0 d<=10m;EXCELENTE
426;-67.50;-67.50;20.0;87.50;87.50;48.57;62.00;62.00;1258.2;-129.5;2.00;3.50;5.00;10.0;30.0;Regiao1 n=2.0 d<=10m;EXCELENTE
427;-67.50;-67.50;20.0;87.50;87.50;48.57;62.00;62.00;1258.2;-129.5;2.00;3.50;5.00;10.0;30.0;Regiao1 n=2.0 d<=10m;EXCELENTE
428;-67.50;-67.50;20.0;87.50;87.50;48.57;62.00;62.00;1258.2;-129.5;2.00;3.50;5.00;10.0;30.0;Regiao1 n=2.0 d<=10m;EXCELENTE
429;-67.50;-67.50;20.0;87.50;87.50;48.57;62.00;62.00;1258.2;-129.5;2.00;3.50;5.00;10.0;30.0;Regiao1 n=2.0 d<=10m;EXCELENTE
430;-67.50;-67.50;20.0;87.50;87.50;48.57;62.00;62.00;1258.2;-129.5;2.00;3.50;5.00;10.0;30.0;Regiao1 n=2.0 d<=10m;EXCELENTE
431;-67.50;-67.50;20.0;87.50;87.50;48.57;62.00;62.00;1258.2;-129.5;2.00;3.50;5.00;10.0;30.0;Regiao1 n=2.0 d<=10m;EXCELENTE
432;-67.50;-67.50;20.0;87.50;87.50;48.57;62.00;62.00;1258.2;-129.5;2.00;3.50;5.00;10.0;30.0;Regiao1 n=2.0 d<=10m;EXCELENTE
433;-67.50;-67.50;20.0;87.50;87.50;48.57;62.00;62.00;1258.2;-129.5;2.00;3.50;5.00;10.0;30.0;Regiao1 n=2.0 d<=10m;EXCELENTE
434;-67.50;-67.50;20.0;87.50;87.50;48.57;62.00;62.00;1258.2;-129.5;2.00;3.50;5.00;10.0;30.0;Regiao1 n=2.0 d<=10m;EXCELENTE
435;-67.50;-67.50;20.0;87.50;87.50;48.57;62.00;62.00;1258.2;-129.5;2.00;3.50;5.00;10.0;30.0;Regiao1 n=2.0 d<=10m;EXCELENTE
436;-67.50;-67.50;20.0;87.50;87.50;48.57;62.00;62.00;1258.2;-129.5;2.00;3.50;5.00;10.0;30.0;Regiao1 n=2.0 d<=10m;EXCELENTE
437;-67.50;-68.50;20.0;87.50;88.50;48.57;62.00;61.00;1258.2;-129.5;2.00;3.50;5.00;10.0;30.0;Regiao1 n=2.0 d<=10m;EXCELENTE
438;-67.50;-67.50;20.0;87.50;87.50;48.57;62.00;62.00;1258.2;-129.5;2.00;3.50;5.00;10.0;30.0;Regiao1 n=2.0 d<=10m;EXCELENTE
439;-67.50;-67.50;20.0;87.50;87.50;48.57;62.00;62.00;1258.2;-129.5;2.00;3.50;5.00;10.0;30.0;Regiao1 n=2.0 d<=10m;EXCELENTE
440;-67.50;-67.50;20.0;87.50;87.50;48.57;62.00;62.00;1258.2;-129.5;2.00;3.50;5.00;10.0;30.0;Regiao1 n=2.0 d<=10m;EXCELENTE
441;-67.50;-68.50;20.0;87.50;88.50;48.57;62.00;61.00;1258.2;-129.5;2.00;3.50;5.00;10.0;30.0;Regiao1 n=2.0 d<=10m;EXCELENTE
442;-67.50;-67.50;20.0;87.50;87.50;48.57;62.00;62.00;1258.2;-129.5;2.00;3.50;5.00;10.0;30.0;Regiao1 n=2.0 d<=10m;EXCELENTE
443;-67.50;-68.50;20.0;87.50;88.50;48.57;62.00;61.00;1258.2;-129.5;2.00;3.50;5.00;10.0;30.0;Regiao1 n=2.0 d<=10m;EXCELENTE
444;-67.50;-67.50;20.0;87.50;87.50;48.57;62.00;62.00;1258.2;-129.5;2.00;3.50;5.00;10.0;30.0;Regiao1 n=2.0 d<=10m;EXCELENTE
445;-67.50;-68.50;20.0;87.50;88.50;48.57;62.00;61.00;1258.2;-129.5;2.00;3.50;5.00;10.0;30.0;Regiao1 n=2.0 d<=10m;EXCELENTE
446;-67.50;-67.50;20.0;87.50;87.50;48.57;62.00;62.00;1258.2;-129.5;2.00;3.50;5.00;10.0;30.0;Regiao1 n=2.0 d<=10m;EXCELENTE
447;-67.50;-67.50;20.0;87.50;87.50;48.57;62.00;62.00;1258.2;-129.5;2.00;3.50;5.00;10.0;30.0;Regiao1 n=2.0 d<=10m;EXCELENTE
448;-67.50;-67.50;20.0;87.50;87.50;48.57;62.00;62.00;1258.2;-129.5;2.00;3.50;5.00;10.0;30.0;Regiao1 n=2.0 d<=10m;EXCELENTE
449;-67.50;-67.50;20.0;87.50;87.50;48.57;62.00;62.00;1258.2;-129.5;2.00;3.50;5.00;10.0;30.0;Regiao1 n=2.0 d<=10m;EXCELENTE
450;-67.50;-68.50;20.0;87.50;88.50;48.57;62.00;61.00;1258.2;-129.5;2.00;3.50;5.00;10.0;30.0;Regiao1 n=2.0 d<=10m;EXCELENTE
451;-70.00;-68.50;20.0;90.00;88.50;48.57;59.50;61.00;1258.2;-129.5;2.00;3.50;5.00;10.0;30.0;Regiao1 n=2.0 d<=10m;EXCELENTE
452;-67.50;-67.50;20.0;87.50;87.50;48.57;62.00;62.00;1258.2;-129.5;2.00;3.50;5.00;10.0;30.0;Regiao1 n=2.0 d<=10m;EXCELENTE
453;-68.50;-68.50;20.0;88.50;88.50;48.57;61.00;61.00;1258.2;-129.5;2.00;3.50;5.00;10.0;30.0;Regiao1 n=2.0 d<=10m;EXCELENTE
454;-67.50;-68.50;20.0;87.50;88.50;48.57;62.00;61.00;1258.2;-129.5;2.00;3.50;5.00;10.0;30.0;Regiao1 n=2.0 d<=10m;EXCELENTE
455;-67.50;-68.50;20.0;87.50;88.50;48.57;62.00;61.00;1258.2;-129.5;2.00;3.50;5.00;10.0;30.0;Regiao1 n=2.0 d<=10m;EXCELENTE
456;-67.50;-67.50;20.0;87.50;87.50;48.57;62.00;62.00;1258.2;-129.5;2.00;3.50;5.00;10.0;30.0;Regiao1 n=2.0 d<=10m;EXCELENTE
457;-67.50;-67.50;20.0;87.50;87.50;48.57;62.00;62.00;1258.2;-129.5;2.00;3.50;5.00;10.0;30.0;Regiao1 n=2.0 d<=10m;EXCELENTE
458;-67.50;-68.50;20.0;87.50;88.50;48.57;62.00;61.00;1258.2;-129.5;2.00;3.50;5.00;10.0;30.0;Regiao1 n=2.0 d<=10m;EXCELENTE
459;-67.50;-67.50;20.0;87.50;87.50;48.57;62.00;62.00;1258.2;-129.5;2.00;3.50;5.00;10.0;30.0;Regiao1 n=2.0 d<=10m;EXCELENTE
460;-67.50;-68.50;20.0;87.50;88.50;48.57;62.00;61.00;1258.2;-129.5;2.00;3.50;5.00;10.0;30.0;Regiao1 n=2.0 d<=10m;EXCELENTE
461;-67.50;-67.50;20.0;87.50;87.50;48.57;62.00;62.00;1258.2;-129.5;2.00;3.50;5.00;10.0;30.0;Regiao1 n=2.0 d<=10m;EXCELENTE
462;-67.50;-68.50;20.0;87.50;88.50;48.57;62.00;61.00;1258.2;-129.5;2.00;3.50;5.00;10.0;30.0;Regiao1 n=2.0 d<=10m;EXCELENTE
463;-68.50;-68.50;20.0;88.50;88.50;48.57;61.00;61.00;1258.2;-129.5;2.00;3.50;5.00;10.0;30.0;Regiao1 n=2.0 d<=10m;EXCELENTE
464;-68.50;-68.50;20.0;88.50;88.50;48.57;61.00;61.00;1258.2;-129.5;2.00;3.50;5.00;10.0;30.0;Regiao1 n=2.0 d<=10m;EXCELENTE
465;-68.50;-68.50;20.0;88.50;88.50;48.57;61.00;61.00;1258.2;-129.5;2.00;3.50;5.00;10.0;30.0;Regiao1 n=2.0 d<=10m;EXCELENTE
466;-68.50;-68.50;20.0;88.50;88.50;48.57;61.00;61.00;1258.2;-129.5;2.00;3.50;5.00;10.0;30.0;Regiao1 n=2.0 d<=10m;EXCELENTE
467;-68.50;-68.50;20.0;88.50;88.50;48.57;61.00;61.00;1258.2;-129.5;2.00;3.50;5.00;10.0;30.0;Regiao1 n=2.0 d<=10m;EXCELENTE
468;-68.50;-68.50;20.0;88.50;88.50;48.57;61.00;61.00;1258.2;-129.5;2.00;3.50;5.00;10.0;30.0;Regiao1 n=2.0 d<=10m;EXCELENTE
469;-67.50;-68.50;20.0;87.50;88.50;48.57;62.00;61.00;1258.2;-129.5;2.00;3.50;5.00;10.0;30.0;Regiao1 n=2.0 d<=10m;EXCELENTE
470;-67.50;-68.50;20.0;87.50;88.50;48.57;62.00;61.00;1258.2;-129.5;2.00;3.50;5.00;10.0;30.0;Regiao1 n=2.0 d<=10m;EXCELENTE
471;-68.50;-68.50;20.0;88.50;88.50;48.57;61.00;61.00;1258.2;-129.5;2.00;3.50;5.00;10.0;30.0;Regiao1 n=2.0 d<=10m;EXCELENTE
472;-67.50;-68.50;20.0;87.50;88.50;48.57;62.00;61.00;1258.2;-129.5;2.00;3.50;5.00;10.0;30.0;Regiao1 n=2.0 d<=10m;EXCELENTE
473;-67.50;-68.50;20.0;87.50;88.50;48.57;62.00;61.00;1258.2;-129.5;2.00;3.50;5.00;10.0;30.0;Regiao1 n=2.0 d<=10m;EXCELENTE
474;-66.50;-67.50;20.0;86.50;87.50;48.57;63.00;62.00;1258.2;-129.5;2.00;3.50;5.00;10.0;30.0;Regiao1 n=2.0 d<=10m;EXCELENTE
475;-67.50;-67.50;20.0;87.50;87.50;48.57;62.00;62.00;1258.2;-129.5;2.00;3.50;5.00;10.0;30.0;Regiao1 n=2.0 d<=10m;EXCELENTE
476;-67.50;-67.50;20.0;87.50;87.50;48.57;62.00;62.00;1258.2;-129.5;2.00;3.50;5.00;10.0;30.0;Regiao1 n=2.0 d<=10m;EXCELENTE
477;-67.50;-67.50;20.0;87.50;87.50;48.57;62.00;62.00;1258.2;-129.5;2.00;3.50;5.00;10.0;30.0;Regiao1 n=2.0 d<=10m;EXCELENTE
478;-67.50;-67.50;20.0;87.50;87.50;48.57;62.00;62.00;1258.2;-129.5;2.00;3.50;5.00;10.0;30.0;Regiao1 n=2.0 d<=10m;EXCELENTE
479;-67.50;-67.50;20.0;87.50;87.50;48.57;62.00;62.00;1258.2;-129.5;2.00;3.50;5.00;10.0;30.0;Regiao1 n=2.0 d<=10m;EXCELENTE
480;-66.50;-67.50;20.0;86.50;87.50;48.57;63.00;62.00;1258.2;-129.5;2.00;3.50;5.00;10.0;30.0;Regiao1 n=2.0 d<=10m;EXCELENTE
481;-67.50;-67.50;20.0;87.50;87.50;48.57;62.00;62.00;1258.2;-129.5;2.00;3.50;5.00;10.0;30.0;Regiao1 n=2.0 d<=10m;EXCELENTE
482;-67.50;-67.50;20.0;87.50;87.50;48.57;62.00;62.00;1258.2;-129.5;2.00;3.50;5.00;10.0;30.0;Regiao1 n=2.0 d<=10m;EXCELENTE
483;-67.50;-67.50;20.0;87.50;87.50;48.57;62.00;62.00;1258.2;-129.5;2.00;3.50;5.00;10.0;30.0;Regiao1 n=2.0 d<=10m;EXCELENTE
484;-67.50;-67.50;20.0;87.50;87.50;48.57;62.00;62.00;1258.2;-129.5;2.00;3.50;5.00;10.0;30.0;Regiao1 n=2.0 d<=10m;EXCELENTE
485;-67.50;-67.50;20.0;87.50;87.50;48.57;62.00;62.00;1258.2;-129.5;2.00;3.50;5.00;10.0;30.0;Regiao1 n=2.0 d<=10m;EXCELENTE
486;-67.50;-67.50;20.0;87.50;87.50;48.57;62.00;62.00;1258.2;-129.5;2.00;3.50;5.00;10.0;30.0;Regiao1 n=2.0 d<=10m;EXCELENTE
487;-67.50;-68.50;20.0;87.50;88.50;48.57;62.00;61.00;1258.2;-129.5;2.00;3.50;5.00;10.0;30.0;Regiao1 n=2.0 d<=10m;EXCELENTE
488;-67.50;-68.50;20.0;87.50;88.50;48.57;62.00;61.00;1258.2;-129.5;2.00;3.50;5.00;10.0;30.0;Regiao1 n=2.0 d<=10m;EXCELENTE
489;-67.50;-68.50;20.0;87.50;88.50;48.57;62.00;61.00;1258.2;-129.5;2.00;3.50;5.00;10.0;30.0;Regiao1 n=2.0 d<=10m;EXCELENTE
490;-67.50;-66.50;20.0;87.50;86.50;48.57;62.00;63.00;1258.2;-129.5;2.00;3.50;5.00;10.0;30.0;Regiao1 n=2.0 d<=10m;EXCELENTE
491;-67.50;-67.50;20.0;87.50;87.50;48.57;62.00;62.00;1258.2;-129.5;2.00;3.50;5.00;10.0;30.0;Regiao1 n=2.0 d<=10m;EXCELENTE
492;-67.50;-68.50;20.0;87.50;88.50;48.57;62.00;61.00;1258.2;-129.5;2.00;3.50;5.00;10.0;30.0;Regiao1 n=2.0 d<=10m;EXCELENTE
493;-67.50;-67.50;20.0;87.50;87.50;48.57;62.00;62.00;1258.2;-129.5;2.00;3.50;5.00;10.0;30.0;Regiao1 n=2.0 d<=10m;EXCELENTE
494;-67.50;-68.50;20.0;87.50;88.50;48.57;62.00;61.00;1258.2;-129.5;2.00;3.50;5.00;10.0;30.0;Regiao1 n=2.0 d<=10m;EXCELENTE
495;-67.50;-67.50;20.0;87.50;87.50;48.57;62.00;62.00;1258.2;-129.5;2.00;3.50;5.00;10.0;30.0;Regiao1 n=2.0 d<=10m;EXCELENTE
496;-67.50;-68.50;20.0;87.50;88.50;48.57;62.00;61.00;1258.2;-129.5;2.00;3.50;5.00;10.0;30.0;Regiao1 n=2.0 d<=10m;EXCELENTE
497;-67.50;-68.50;20.0;87.50;88.50;48.57;62.00;61.00;1258.2;-129.5;2.00;3.50;5.00;10.0;30.0;Regiao1 n=2.0 d<=10m;EXCELENTE
498;-67.50;-67.50;20.0;87.50;87.50;48.57;62.00;62.00;1258.2;-129.5;2.00;3.50;5.00;10.0;30.0;Regiao1 n=2.0 d<=10m;EXCELENTE
499;-68.50;-68.50;20.0;88.50;88.50;48.57;61.00;61.00;1258.2;-129.5;2.00;3.50;5.00;10.0;30.0;Regiao1 n=2.0 d<=10m;EXCELENTE
500;-67.50;-67.50;20.0;87.50;87.50;48.57;62.00;62.00;1258.2;-129.5;2.00;3.50;5.00;10.0;30.0;Regiao1 n=2.0 d<=10m;EXCELENTE
