Medida;Latitude;Longitude;Altitude;Distancia_3D_m;RSSI_DL_medido;RSSI_DL_previsto_shadowing
1;-23.005307;-46.835255;761.9;25.09;-51.5;-52.15
2;-23.005304;-46.835253;761.7;25.53;-51.5;-52.37
3;-23.005299;-46.835251;761.6;26.07;-51.5;-52.65
4;-23.005297;-46.835249;761.6;26.32;-51.5;-52.77
5;-23.005294;-46.835247;761.4;26.76;-51.5;-52.99
6;-23.005293;-46.835246;761.3;26.94;-51.5;-53.07
7;-23.005293;-46.835246;761.3;26.94;-51.5;-53.07
8;-23.005292;-46.835245;761.0;27.22;-51.5;-53.21
9;-23.005289;-46.835242;760.6;27.81;-51.5;-53.49
10;-23.005291;-46.835243;760.4;27.72;-51.5;-53.45
11;-23.005289;-46.835241;760.2;28.08;-51.5;-53.61
12;-23.00529;-46.835241;759.9;28.16;-51.5;-53.65
13;-23.005293;-46.835244;759.7;27.9;-51.5;-53.53
14;-23.005294;-46.835245;759.5;27.89;-51.5;-53.53
15;-23.005295;-46.835245;759.3;27.93;-51.5;-53.55
16;-23.005296;-46.835247;759.0;27.94;-51.5;-53.55
17;-23.005299;-46.835249;758.9;27.68;-51.5;-53.43
18;-23.005299;-46.835249;758.7;27.8;-51.5;-53.49
19;-23.005298;-46.835249;758.4;28.06;-51.5;-53.6
20;-23.005299;-46.835251;758.2;28.02;-51.5;-53.59
21;-23.0053;-46.835252;758.1;27.96;-51.5;-53.56
22;-23.005301;-46.835252;758.1;27.89;-51.5;-53.53
23;-23.005301;-46.835253;758.1;27.84;-51.5;-53.5
24;-23.005303;-46.835255;758.1;27.61;-51.5;-53.39
25;-23.005304;-46.835256;758.3;27.37;-51.5;-53.28
26;-23.005306;-46.835257;758.4;27.12;-52.5;-53.16
27;-23.005308;-46.835258;758.6;26.8;-51.5;-53.01
28;-23.00531;-46.835259;758.6;26.62;-51.5;-52.92
29;-23.005312;-46.83526;758.6;26.43;-51.5;-52.82
30;-23.005312;-46.83526;758.6;26.43;-51.5;-52.82
31;-23.005315;-46.83526;758.6;26.21;-50.5;-52.72
32;-23.005317;-46.835262;758.8;25.86;-50.5;-52.54
33;-23.005318;-46.835262;758.7;25.85;-54.0;-52.54
34;-23.005318;-46.835265;758.6;25.79;-48.5;-52.5
35;-23.005319;-46.835271;759.0;25.2;-48.5;-52.21
36;-23.005323;-46.835275;759.3;24.56;-46.5;-51.87
37;-23.005327;-46.835279;759.0;24.31;-47.5;-51.74
38;-23.005328;-46.83528;759.0;24.2;-47.5;-51.68
39;-23.00533;-46.835282;758.8;24.13;-46.5;-51.64
40;-23.005333;-46.835285;758.8;23.81;-46.5;-51.46
41;-23.005334;-46.835288;758.9;23.56;-51.5;-51.33
42;-23.005335;-46.83529;759.0;23.34;-47.5;-51.21
43;-23.005336;-46.835292;758.9;23.28;-48.5;-51.17
44;-23.005337;-46.835295;759.1;22.96;-48.5;-50.99
45;-23.005337;-46.835295;759.2;22.89;-50.5;-50.95
46;-23.005338;-46.835298;759.5;22.51;-48.5;-50.73
47;-23.00534;-46.8353;760.0;21.95;-49.5;-50.4
48;-23.005341;-46.835303;760.3;21.57;-50.5;-50.18
49;-23.005341;-46.835304;760.5;21.4;-49.5;-50.07
50;-23.005342;-46.835306;760.6;21.19;-50.5;-49.95
51;-23.005342;-46.835308;761.1;20.78;-49.5;-49.69
52;-23.005341;-46.83531;761.3;20.66;-57.0;-49.61
53;-23.005342;-46.835309;761.5;20.48;-49.5;-49.5
54;-23.005342;-46.835304;761.2;20.84;-61.5;-49.73
55;-23.005339;-46.835303;760.9;21.3;-60.0;-50.01
56;-23.005339;-46.835303;761.0;21.23;-59.0;-49.97
57;-23.005339;-46.835303;761.0;21.23;-60.0;-49.97
58;-23.005341;-46.835304;760.5;21.4;-63.5;-50.07
59;-23.005341;-46.835302;760.7;21.32;-58.0;-50.03
60;-23.00534;-46.835301;760.8;21.36;-60.0;-50.05
61;-23.005338;-46.8353;760.9;21.47;-60.0;-50.12
62;-23.005337;-46.835298;761.2;21.41;-57.0;-50.08
63;-23.005336;-46.835296;761.2;21.56;-56.0;-50.17
64;-23.005335;-46.835294;761.4;21.57;-58.0;-50.18
65;-23.005332;-46.835291;761.6;21.78;-58.0;-50.31
66;-23.005332;-46.83529;761.6;21.82;-58.0;-50.33
67;-23.005334;-46.835288;761.9;21.56;-58.0;-50.17
68;-23.005335;-46.835287;761.7;21.65;-58.0;-50.23
69;-23.005336;-46.835285;761.9;21.53;-58.0;-50.16
70;-23.005336;-46.835282;762.2;21.47;-59.0;-50.12
71;-23.005336;-46.835281;762.3;21.46;-61.5;-50.11
72;-23.005336;-46.83528;762.7;21.26;-57.0;-49.99
73;-23.005337;-46.835281;762.7;21.14;-56.0;-49.92
74;-23.005334;-46.835279;763.4;21.05;-57.0;-49.86
75;-23.005334;-46.83528;763.1;21.17;-56.0;-49.94
76;-23.005333;-46.83528;763.3;21.14;-55.0;-49.91
77;-23.005335;-46.835285;761.9;21.61;-66.5;-50.2
78;-23.005336;-46.835289;761.2;21.82;-59.0;-50.33
79;-23.005337;-46.835291;759.7;22.68;-65.5;-50.83
80;-23.005338;-46.835295;758.7;23.18;-59.0;-51.12
81;-23.00534;-46.835299;757.3;23.95;-56.0;-51.54
82;-23.005342;-46.8353;756.7;24.25;-55.0;-51.7
83;-23.005341;-46.835299;756.5;24.5;-50.5;-51.84
84;-23.005339;-46.835304;756.5;24.48;-63.5;-51.83
85;-23.005327;-46.835329;756.6;24.63;-47.5;-51.91
86;-23.005321;-46.835382;754.3;26.52;-48.5;-52.87
87;-23.00531;-46.835406;752.8;28.66;-58.0;-53.88
88;-23.005288;-46.835457;755.9;29.1;-67.5;-54.08
89;-23.005271;-46.835517;757.2;31.98;-66.5;-55.31
90;-23.005262;-46.835549;757.0;34.41;-68.5;-56.26
91;-23.005248;-46.835614;756.8;39.39;-75.0;-58.03
92;-23.005248;-46.835614;756.8;39.39;-75.0;-58.03
93;-23.005248;-46.835614;756.8;39.39;-75.0;-58.03
94;-23.005205;-46.83573;759.3;49.52;-73.0;-61.01
95;-23.005207;-46.835724;759.2;48.97;-67.5;-60.86
96;-23.005209;-46.835717;759.3;48.28;-61.5;-60.68
97;-23.005208;-46.835713;759.2;48.08;-67.5;-60.62
98;-23.005209;-46.835709;759.2;47.71;-64.5;-60.52
99;-23.005209;-46.835709;759.0;47.78;-68.5;-60.54
100;-23.005209;-46.835709;758.9;47.82;-73.0;-60.55
101;-23.005209;-46.835708;758.8;47.78;-66.5;-60.54
102;-23.005209;-46.835708;758.2;47.99;-72.0;-60.6
103;-23.00521;-46.835708;757.2;48.29;-64.5;-60.68
104;-23.00521;-46.835708;756.8;48.44;-66.5;-60.72
105;-23.00521;-46.835708;756.3;48.64;-74.0;-60.77
106;-23.005209;-46.835708;755.7;48.94;-67.5;-60.85
107;-23.005208;-46.835709;755.4;49.2;-72.0;-60.92
108;-23.005208;-46.835708;755.2;49.21;-71.0;-60.92
109;-23.005208;-46.835708;754.9;49.33;-74.0;-60.96
110;-23.005208;-46.835709;754.4;49.61;-65.5;-61.03
111;-23.005208;-46.835709;754.3;49.66;-66.5;-61.04
112;-23.005208;-46.835709;754.3;49.66;-66.5;-61.04
113;-23.005209;-46.835709;753.6;49.89;-66.5;-61.1
114;-23.005209;-46.835708;753.4;49.91;-66.5;-61.11
115;-23.005209;-46.835708;753.3;49.96;-66.5;-61.12
116;-23.005209;-46.835709;753.2;50.07;-66.5;-61.15
117;-23.005209;-46.835708;753.3;49.96;-70.0;-61.12
118;-23.005209;-46.835709;753.2;50.07;-72.0;-61.15
119;-23.005209;-46.835709;753.1;50.11;-66.5;-61.16
120;-23.005209;-46.835709;752.8;50.25;-67.5;-61.2
121;-23.005209;-46.83571;752.7;50.36;-64.5;-61.23
122;-23.005209;-46.83571;752.8;50.32;-65.5;-61.22
123;-23.005209;-46.83571;752.8;50.32;-71.0;-61.22
124;-23.005208;-46.835711;753.0;50.36;-68.5;-61.23
125;-23.005208;-46.835712;753.1;50.39;-72.0;-61.23
126;-23.005208;-46.835712;753.0;50.44;-66.5;-61.24
127;-23.005208;-46.835712;752.8;50.52;-66.5;-61.27
128;-23.005209;-46.835712;752.4;50.64;-70.0;-61.3
129;-23.005208;-46.835712;752.2;50.8;-78.5;-61.34
130;-23.005208;-46.835712;752.2;50.8;-65.5;-61.34
131;-23.005209;-46.835714;752.3;50.83;-65.5;-61.35
132;-23.005209;-46.835714;752.1;50.92;-66.5;-61.37
133;-23.00521;-46.835715;751.7;51.11;-66.5;-61.42
134;-23.00521;-46.835715;751.5;51.21;-65.5;-61.44
135;-23.00521;-46.835714;751.4;51.18;-66.5;-61.44
136;-23.00521;-46.835714;751.4;51.18;-66.5;-61.44
137;-23.005209;-46.835714;751.7;51.1;-66.5;-61.42
138;-23.005209;-46.835714;751.9;51.01;-67.5;-61.39
139;-23.005209;-46.835714;752.0;50.97;-66.5;-61.38
140;-23.005208;-46.835714;752.1;50.98;-66.5;-61.39
141;-23.005208;-46.835714;752.0;51.03;-66.5;-61.4
142;-23.005208;-46.835713;751.8;51.05;-67.5;-61.4
143;-23.005208;-46.835713;751.7;51.1;-66.5;-61.41
144;-23.005208;-46.835713;751.7;51.1;-64.5;-61.41
145;-23.005208;-46.835712;751.3;51.21;-72.0;-61.44
146;-23.005208;-46.835712;751.2;51.26;-67.5;-61.46
147;-23.005208;-46.835712;750.9;51.4;-71.0;-61.49
148;-23.005208;-46.835712;750.7;51.5;-65.5;-61.52
149;-23.005208;-46.835711;750.5;51.52;-65.5;-61.52
150;-23.005208;-46.835711;750.3;51.62;-66.5;-61.55
151;-23.005207;-46.835711;750.3;51.68;-66.5;-61.56
152;-23.005207;-46.835711;750.2;51.73;-67.5;-61.58
153;-23.005208;-46.835711;750.1;51.72;-65.5;-61.57
154;-23.005208;-46.835711;750.0;51.77;-66.5;-61.58
155;-23.005208;-46.835711;749.8;51.87;-65.5;-61.61
156;-23.005208;-46.835714;749.6;52.17;-65.5;-61.69
157;-23.005205;-46.835724;749.6;53.05;-80.5;-61.9
158;-23.005196;-46.835769;749.4;56.91;-71.0;-62.82
159;-23.005177;-46.835838;749.1;63.34;-70.0;-64.21
160;-23.005154;-46.835915;749.0;70.74;-67.5;-65.65
161;-23.005142;-46.835956;748.5;74.91;-72.0;-66.4
162;-23.005119;-46.836044;748.3;83.51;-77.5;-67.81
163;-23.005091;-46.836127;748.4;91.99;-78.5;-69.07
164;-23.005076;-46.836165;748.4;96.03;-78.5;-69.63
165;-23.005048;-46.836234;748.2;103.49;-73.0;-70.61
166;-23.005023;-46.836286;748.1;109.32;-78.5;-71.32
167;-23.005009;-46.836327;748.2;113.6;-80.5;-71.82
168;-23.005004;-46.836348;748.1;115.73;-76.0;-72.07
169;-23.00499;-46.836389;748.0;120.08;-77.5;-72.55
170;-23.004973;-46.83643;747.3;124.71;-74.0;-73.04
171;-23.004967;-46.83645;747.0;126.85;-71.0;-73.26
172;-23.004952;-46.836488;746.1;131.17;-72.0;-73.7
173;-23.00494;-46.836534;745.9;135.91;-73.0;-74.16
174;-23.004926;-46.836581;746.1;140.76;-75.0;-74.62
175;-23.004919;-46.836603;746.2;143.06;-74.0;-74.83
176;-23.004912;-46.836628;746.4;145.6;-73.0;-75.06
177;-23.004911;-46.836627;746.8;145.48;-74.0;-75.05
178;-23.004911;-46.836627;747.0;145.44;-76.0;-75.04
179;-23.004912;-46.836627;747.2;145.36;-73.0;-75.04
180;-23.004913;-46.836627;747.8;145.19;-74.0;-75.02
181;-23.004914;-46.836628;748.3;145.14;-74.0;-75.02
182;-23.004914;-46.836628;748.5;145.11;-76.0;-75.01
183;-23.004915;-46.836629;749.0;145.06;-74.0;-75.01
184;-23.004916;-46.836629;749.5;144.92;-74.0;-75.0
185;-23.004917;-46.836631;749.7;145.02;-75.0;-75.01
186;-23.004917;-46.836632;749.7;145.11;-74.0;-75.01
187;-23.004918;-46.836632;749.8;145.05;-76.0;-75.01
188;-23.004919;-46.836633;750.0;145.06;-73.0;-75.01
190;-23.00492;-46.836634;750.5;145.02;-74.0;-75.01
191;-23.00492;-46.836636;750.6;145.18;-72.0;-75.02
192;-23.004921;-46.836637;750.9;145.18;-73.0;-75.02
193;-23.004921;-46.836637;751.1;145.14;-73.0;-75.02
195;-23.004922;-46.836639;751.4;145.23;-74.0;-75.02
196;-23.004923;-46.836639;751.5;145.17;-73.0;-75.02
197;-23.004923;-46.836639;751.6;145.15;-73.0;-75.02
198;-23.004924;-46.83664;751.6;145.2;-74.0;-75.02
199;-23.004924;-46.83664;751.9;145.15;-73.0;-75.02
200;-23.004924;-46.836641;752.1;145.21;-73.0;-75.02
201;-23.004925;-46.836641;752.4;145.11;-73.0;-75.01
202;-23.004926;-46.836642;752.6;145.13;-73.0;-75.02
203;-23.004926;-46.836643;752.8;145.19;-73.0;-75.02
204;-23.004926;-46.836643;752.9;145.17;-73.0;-75.02
205;-23.004926;-46.836644;753.1;145.23;-74.0;-75.02
206;-23.004927;-46.836645;753.1;145.28;-73.0;-75.03
207;-23.004927;-46.836645;753.2;145.26;-75.0;-75.03
208;-23.004927;-46.836645;753.3;145.25;-73.0;-75.03
209;-23.004928;-46.836646;753.3;145.29;-74.0;-75.03
210;-23.004928;-46.836646;753.1;145.32;-73.0;-75.03
211;-23.004928;-46.836647;753.0;145.43;-73.0;-75.04
212;-23.004928;-46.836646;753.1;145.32;-72.0;-75.03
213;-23.004928;-46.836646;753.1;145.32;-74.0;-75.03
214;-23.004928;-46.836646;753.1;145.32;-74.0;-75.03
215;-23.004928;-46.836646;753.0;145.34;-74.0;-75.03
216;-23.004927;-46.836646;752.7;145.43;-75.0;-75.04
217;-23.004928;-46.836645;752.4;145.34;-73.0;-75.03
218;-23.004933;-46.836646;752.5;145.19;-77.5;-75.02
219;-23.004933;-46.836646;752.4;145.21;-74.0;-75.02
220;-23.004933;-46.836646;752.1;145.25;-75.0;-75.03
221;-23.004932;-46.836646;751.8;145.35;-73.0;-75.04
222;-23.004931;-46.836645;751.6;145.33;-74.0;-75.03
223;-23.00493;-46.836645;751.2;145.45;-75.0;-75.04
224;-23.00493;-46.836645;751.1;145.46;-75.0;-75.05
225;-23.004931;-46.836645;750.7;145.48;-75.0;-75.05
226;-23.004931;-46.836645;750.7;145.48;-74.0;-75.05
227;-23.004931;-46.836645;750.7;145.48;-73.0;-75.05
228;-23.00493;-46.836646;750.8;145.6;-74.0;-75.06
229;-23.004928;-46.836661;751.2;147.01;-75.0;-75.18
230;-23.004927;-46.836671;751.6;147.91;-75.0;-75.26
231;-23.00492;-46.836699;751.7;150.79;-79.5;-75.51
232;-23.004901;-46.836741;751.4;155.56;-86.0;-75.92
233;-23.004891;-46.836765;751.2;158.26;-81.5;-76.14
234;-23.004877;-46.836818;751.2;163.78;-87.0;-76.59
235;-23.004856;-46.836877;751.0;170.21;-80.5;-77.09
236;-23.004834;-46.83695;751.1;177.95;-83.5;-77.67
237;-23.004824;-46.836989;751.1;182.02;-95.5;-77.97
238;-23.004801;-46.83707;750.9;190.6;-89.0;-78.57
239;-23.004778;-46.837148;750.4;198.94;-94.5;-79.12
240;-23.004752;-46.837227;750.1;207.49;-84.5;-79.67
241;-23.004739;-46.837266;749.8;211.73;-88.0;-79.94
242;-23.004718;-46.837338;749.5;219.42;-91.0;-80.4
243;-23.004693;-46.837391;749.8;225.42;-104.5;-80.75
244;-23.004683;-46.837411;750.2;227.67;-94.5;-80.88
245;-23.004676;-46.837443;749.9;231.01;-95.5;-81.07
246;-23.004672;-46.837452;750.3;231.98;-101.0;-81.13
247;-23.004672;-46.837453;750.7;232.03;-112.0;-81.13
248;-23.004672;-46.837452;750.8;231.93;-106.5;-81.12
249;-23.004671;-46.837454;750.8;232.16;-98.5;-81.14
250;-23.004662;-46.837477;750.7;234.71;-98.5;-81.28
251;-23.004656;-46.837494;750.5;236.59;-92.0;-81.38
252;-23.004649;-46.837516;751.0;238.9;-103.5;-81.51
253;-23.004645;-46.837522;750.7;239.66;-98.5;-81.55
254;-23.004645;-46.837521;750.3;239.61;-97.5;-81.55
255;-23.004645;-46.837521;749.8;239.66;-94.5;-81.55
256;-23.004646;-46.837519;748.8;239.54;-97.5;-81.54
257;-23.004646;-46.837517;748.1;239.43;-95.5;-81.54
258;-23.004646;-46.837515;747.8;239.28;-98.5;-81.53
259;-23.004646;-46.837514;747.6;239.21;-95.5;-81.53
260;-23.004646;-46.837513;747.3;239.15;-105.0;-81.52
261;-23.004646;-46.837511;747.2;238.97;-95.5;-81.51
262;-23.004646;-46.83751;747.1;238.89;-94.5;-81.51
263;-23.004644;-46.837507;746.9;238.72;-94.5;-81.5
264;-23.004641;-46.837503;746.7;238.5;-96.5;-81.49
265;-23.004639;-46.837501;746.6;238.41;-95.5;-81.48
266;-23.004639;-46.8375;746.3;238.35;-95.5;-81.48
267;-23.004639;-46.837499;746.2;238.27;-94.5;-81.47
268;-23.004637;-46.837496;745.8;238.12;-97.5;-81.47
269;-23.004638;-46.837496;745.9;238.07;-98.5;-81.46
270;-23.004638;-46.837494;745.9;237.88;-96.5;-81.45
271;-23.004638;-46.837491;746.2;237.56;-93.5;-81.44
272;-23.00464;-46.83749;746.8;237.31;-92.0;-81.42
273;-23.004641;-46.837489;747.1;237.14;-95.5;-81.41
274;-23.00464;-46.837488;747.4;237.05;-96.5;-81.41
275;-23.004639;-46.837486;747.6;236.88;-97.5;-81.4
276;-23.004638;-46.837485;747.6;236.83;-97.5;-81.4
277;-23.004639;-46.837484;748.0;236.65;-97.5;-81.39
278;-23.004641;-46.837483;748.1;236.46;-96.5;-81.38
279;-23.004642;-46.837482;748.1;236.32;-96.5;-81.37
280;-23.004643;-46.837482;748.1;236.28;-93.5;-81.37
281;-23.004642;-46.837481;748.2;236.22;-94.5;-81.36
282;-23.004641;-46.83748;748.1;236.18;-98.5;-81.36
283;-23.004642;-46.83748;748.2;236.12;-98.5;-81.36
284;-23.00464;-46.837479;748.1;236.13;-97.5;-81.36
285;-23.004637;-46.837478;747.9;236.19;-92.0;-81.36
286;-23.004636;-46.837477;747.8;236.15;-92.0;-81.36
287;-23.004637;-46.837477;747.6;236.13;-93.5;-81.36
288;-23.004638;-46.837477;747.4;236.11;-107.0;-81.36
289;-23.004638;-46.837477;747.4;236.11;-107.0;-81.36
290;-23.004645;-46.837476;747.6;235.69;-96.5;-81.33
291;-23.00465;-46.837477;747.9;235.53;-94.5;-81.32
292;-23.004653;-46.837477;748.0;235.39;-107.5;-81.32
293;-23.004653;-46.837476;747.9;235.31;-106.5;-81.31
294;-23.004654;-46.837476;748.0;235.26;-94.5;-81.31
295;-23.004658;-46.837476;748.0;235.09;-109.0;-81.3
296;-23.004663;-46.837477;747.9;234.98;-101.0;-81.29
297;-23.004667;-46.837477;747.9;234.81;-97.5;-81.28
298;-23.004668;-46.837477;747.8;234.78;-94.5;-81.28
299;-23.004672;-46.837478;748.0;234.69;-94.5;-81.28
300;-23.004677;-46.837478;748.0;234.48;-100.5;-81.27
301;-23.004677;-46.837478;747.9;234.49;-95.5;-81.27
302;-23.004679;-46.837478;747.8;234.42;-102.5;-81.26
303;-23.004681;-46.837478;747.7;234.35;-104.5;-81.26
304;-23.004682;-46.837479;747.7;234.4;-95.5;-81.26
305;-23.004684;-46.837479;747.6;234.33;-95.5;-81.26
306;-23.004686;-46.837479;747.5;234.26;-96.5;-81.25
307;-23.004687;-46.83748;747.4;234.32;-93.5;-81.26
308;-23.004687;-46.83748;747.2;234.35;-95.5;-81.26
309;-23.004688;-46.83748;747.1;234.32;-95.5;-81.26
310;-23.004688;-46.83748;747.0;234.33;-97.5;-81.26
311;-23.004689;-46.837479;746.9;234.21;-96.5;-81.25
312;-23.00469;-46.83748;746.9;234.26;-95.5;-81.25
313;-23.004692;-46.83748;747.0;234.17;-96.5;-81.25
314;-23.004694;-46.837479;747.1;233.98;-103.0;-81.24
315;-23.004696;-46.837479;747.3;233.87;-95.5;-81.23
316;-23.004697;-46.837479;747.3;233.83;-109.0;-81.23
317;-23.0047;-46.837479;747.6;233.68;-105.0;-81.22
318;-23.004699;-46.837478;747.5;233.63;-104.0;-81.22
319;-23.004698;-46.837477;747.4;233.59;-105.5;-81.22
320;-23.0047;-46.837477;747.3;233.52;-96.5;-81.21
321;-23.004699;-46.837476;746.9;233.52;-93.5;-81.21
322;-23.004701;-46.837475;747.3;233.29;-94.5;-81.2
323;-23.004701;-46.837475;747.4;233.28;-95.5;-81.2
324;-23.0047;-46.837475;747.6;233.3;-95.5;-81.2
325;-23.004699;-46.837475;747.6;233.34;-96.5;-81.2
326;-23.004699;-46.837475;747.7;233.33;-93.5;-81.2
327;-23.004699;-46.837474;747.8;233.22;-94.5;-81.2
328;-23.004698;-46.837474;747.7;233.27;-93.5;-81.2
329;-23.004698;-46.837475;747.7;233.37;-93.5;-81.2
330;-23.004696;-46.837474;747.4;233.39;-94.5;-81.21
331;-23.004695;-46.837473;747.1;233.37;-94.5;-81.2
332;-23.004695;-46.837474;747.0;233.48;-93.5;-81.21
333;-23.004694;-46.837476;746.8;233.73;-96.5;-81.22
334;-23.004679;-46.837501;746.3;236.77;-97.5;-81.39
335;-23.004661;-46.837558;746.0;242.92;-92.0;-81.73
336;-23.004619;-46.83763;745.2;251.53;-93.5;-82.18
337;-23.004606;-46.837669;745.0;255.77;-99.5;-82.4
338;-23.004579;-46.837748;744.6;264.38;-103.5;-82.83
339;-23.00455;-46.837831;744.1;273.46;-93.5;-83.27
340;-23.004536;-46.837873;744.2;277.99;-93.5;-83.48
341;-23.004507;-46.837956;744.4;286.99;-92.0;-83.9
342;-23.004476;-46.838036;744.2;295.85;-104.5;-84.29
343;-23.004448;-46.838115;743.8;304.5;-94.5;-84.67
344;-23.004435;-46.838147;743.9;308.05;-95.5;-84.82
345;-23.004415;-46.838194;743.8;313.33;-93.5;-85.04
346;-23.004408;-46.838224;743.7;316.46;-96.5;-85.17
347;-23.004407;-46.838233;743.9;317.33;-107.0;-85.21
348;-23.004407;-46.838233;744.1;317.31;-107.5;-85.21
349;-23.004409;-46.838233;744.4;317.2;-106.5;-85.2
350;-23.004407;-46.838242;744.6;318.12;-97.5;-85.24
351;-23.004405;-46.838255;744.5;319.44;-93.5;-85.29
352;-23.004398;-46.838287;744.4;322.76;-93.5;-85.43
353;-23.004384;-46.838326;744.2;327.05;-94.5;-85.6
354;-23.004373;-46.838371;744.0;331.78;-100.5;-85.79
355;-23.004368;-46.838393;744.1;334.06;-106.0;-85.88
356;-23.004361;-46.838443;744.0;339.09;-105.0;-86.07
357;-23.004351;-46.838482;744.5;343.15;-103.0;-86.23
358;-23.004339;-46.83852;744.2;347.27;-93.5;-86.38
359;-23.004329;-46.838541;743.8;349.7;-105.5;-86.47
360;-23.004314;-46.838577;744.2;353.69;-96.5;-86.62
361;-23.004303;-46.838614;744.9;357.59;-94.5;-86.76
362;-23.004298;-46.838632;745.2;359.47;-91.0;-86.83
363;-23.004287;-46.83865;745.4;361.61;-91.0;-86.91
364;-23.00429;-46.838653;745.4;361.77;-91.0;-86.92
365;-23.004296;-46.838655;745.6;361.71;-90.0;-86.91
366;-23.004299;-46.838656;745.8;361.67;-91.0;-86.91
367;-23.004303;-46.838656;746.4;361.46;-91.0;-86.9
368;-23.004307;-46.838658;746.9;361.45;-93.5;-86.9
369;-23.004309;-46.838658;747.1;361.36;-90.0;-86.9
370;-23.004313;-46.838657;747.6;361.06;-90.0;-86.89
371;-23.004316;-46.838656;748.1;360.81;-91.0;-86.88
372;-23.004319;-46.838655;748.3;360.58;-90.0;-86.87
373;-23.004319;-46.838654;748.7;360.46;-90.0;-86.87
374;-23.004322;-46.838653;749.0;360.22;-89.0;-86.86
375;-23.004325;-46.838653;749.2;360.09;-89.0;-86.86
376;-23.004326;-46.838652;749.4;359.94;-90.0;-86.85
377;-23.004327;-46.838652;749.6;359.89;-91.0;-86.85
378;-23.004329;-46.838652;749.9;359.79;-91.0;-86.84
379;-23.00433;-46.838651;750.0;359.65;-91.0;-86.84
380;-23.00433;-46.838651;750.2;359.63;-90.0;-86.84
381;-23.004331;-46.838651;750.4;359.58;-90.0;-86.84
382;-23.004333;-46.838651;750.8;359.47;-92.0;-86.83
383;-23.004334;-46.838652;750.9;359.52;-91.0;-86.83
384;-23.004335;-46.838653;751.2;359.56;-90.0;-86.84
385;-23.004336;-46.838652;751.5;359.41;-91.0;-86.83
386;-23.004337;-46.838653;751.8;359.44;-91.0;-86.83
387;-23.004337;-46.838652;752.0;359.33;-90.0;-86.83
388;-23.004338;-46.838654;752.1;359.48;-91.0;-86.83
389;-23.004339;-46.838655;752.4;359.52;-93.5;-86.83
390;-23.004341;-46.838656;752.5;359.53;-91.0;-86.83
391;-23.004343;-46.838658;752.8;359.63;-91.0;-86.84
392;-23.004346;-46.83866;753.1;359.68;-90.0;-86.84
393;-23.004347;-46.83866;753.2;359.64;-90.0;-86.84
394;-23.004348;-46.838661;753.5;359.68;-90.0;-86.84
395;-23.004349;-46.838661;753.7;359.63;-90.0;-86.84
396;-23.004351;-46.838661;753.9;359.54;-92.0;-86.84
397;-23.004351;-46.838661;754.0;359.53;-92.0;-86.84
398;-23.004353;-46.838659;754.5;359.23;-91.0;-86.82
399;-23.004354;-46.838659;754.6;359.19;-90.0;-86.82
400;-23.004354;-46.83866;754.6;359.29;-92.0;-86.83
401;-23.004356;-46.838658;754.9;359.0;-91.0;-86.82
402;-23.004357;-46.838657;755.1;358.85;-91.0;-86.81
403;-23.004357;-46.838657;755.3;358.84;-91.0;-86.81
404;-23.004357;-46.838657;755.6;358.83;-92.0;-86.81
405;-23.004357;-46.838657;755.6;358.83;-92.0;-86.81
406;-23.004358;-46.838652;756.8;358.24;-89.0;-86.79
407;-23.004358;-46.838651;756.9;358.14;-91.0;-86.78
408;-23.004358;-46.838652;757.0;358.23;-92.0;-86.79
409;-23.004359;-46.83865;757.3;357.99;-91.0;-86.78
410;-23.00436;-46.838649;757.5;357.84;-92.0;-86.77
411;-23.00436;-46.838648;757.6;357.74;-91.0;-86.77
412;-23.00436;-46.838646;758.1;357.53;-90.0;-86.76
413;-23.00436;-46.838644;758.7;357.31;-89.0;-86.75
414;-23.00436;-46.838644;758.9;357.3;-91.0;-86.75
415;-23.004361;-46.838643;759.1;357.15;-92.0;-86.75
416;-23.004361;-46.838644;759.2;357.25;-92.0;-86.75
417;-23.00436;-46.838646;759.2;357.48;-90.0;-86.76
418;-23.00436;-46.838647;759.3;357.57;-91.0;-86.76
419;-23.00436;-46.838646;759.7;357.45;-92.0;-86.76
420;-23.004359;-46.838645;760.0;357.38;-90.0;-86.76
421;-23.004359;-46.838644;760.1;357.28;-91.0;-86.75
422;-23.004359;-46.838643;760.3;357.18;-90.0;-86.75
423;-23.004359;-46.838641;760.5;356.98;-91.0;-86.74
424;-23.004359;-46.83864;760.9;356.86;-90.0;-86.74
425;-23.004359;-46.838639;761.2;356.76;-92.0;-86.73
426;-23.004359;-46.838638;761.3;356.66;-90.0;-86.73
427;-23.004359;-46.838638;761.4;356.65;-91.0;-86.73
428;-23.004359;-46.838641;761.2;356.95;-89.0;-86.74
429;-23.00436;-46.83864;761.2;356.81;-91.0;-86.74
430;-23.00436;-46.838641;761.0;356.92;-89.0;-86.74
431;-23.00436;-46.838641;760.9;356.92;-89.0;-86.74
432;-23.00436;-46.838642;760.9;357.02;-93.5;-86.74
433;-23.00436;-46.838642;760.9;357.02;-93.5;-86.74
434;-23.004362;-46.838639;761.3;356.64;-91.0;-86.73
435;-23.004362;-46.838638;761.5;356.53;-90.0;-86.73
436;-23.004362;-46.838636;761.6;356.34;-91.0;-86.72
437;-23.004363;-46.838635;761.6;356.2;-90.0;-86.71
438;-23.004363;-46.838634;761.6;356.11;-90.0;-86.71
439;-23.004363;-46.83863;761.7;355.72;-89.0;-86.7
440;-23.004363;-46.838629;762.0;355.61;-89.0;-86.69
441;-23.004363;-46.838627;762.1;355.42;-89.0;-86.69
442;-23.004363;-46.838626;762.2;355.32;-91.0;-86.68
443;-23.004362;-46.838627;762.2;355.45;-91.0;-86.69
444;-23.004362;-46.838626;761.9;355.37;-90.0;-86.68
445;-23.00436;-46.838626;761.5;355.46;-90.0;-86.69
446;-23.004359;-46.838628;761.2;355.7;-90.0;-86.7
447;-23.004357;-46.838631;760.3;356.1;-92.0;-86.71
448;-23.004355;-46.838632;759.7;356.3;-90.0;-86.72
449;-23.004352;-46.838633;759.0;356.54;-89.0;-86.73
450;-23.004349;-46.838634;758.4;356.78;-88.0;-86.74
451;-23.004347;-46.838635;758.1;356.97;-89.0;-86.74
452;-23.004342;-46.838636;757.5;357.29;-93.5;-86.75
453;-23.004318;-46.83865;756.8;359.61;-95.0;-86.84
454;-23.004285;-46.838687;756.2;364.48;-93.5;-87.01
455;-23.004276;-46.838716;756.3;367.6;-104.5;-87.12
456;-23.004242;-46.838781;756.3;375.16;-93.5;-87.39
457;-23.00422;-46.838881;756.2;385.58;-96.5;-87.75
458;-23.004208;-46.838934;756.2;391.11;-91.0;-87.93
459;-23.00417;-46.839;756.3;398.92;-95.5;-88.19
460;-23.004148;-46.839024;757.0;402.06;-95.5;-88.29
461;-23.004137;-46.83906;756.9;405.94;-97.5;-88.42
462;-23.004132;-46.839073;756.6;407.4;-94.5;-88.46
463;-23.004123;-46.839082;757.8;408.56;-95.5;-88.5
464;-23.004124;-46.839084;757.5;408.73;-94.5;-88.51
465;-23.004125;-46.839087;757.2;408.98;-96.5;-88.51
466;-23.004125;-46.839087;757.2;408.98;-94.5;-88.51
467;-23.004126;-46.839086;757.4;408.84;-95.5;-88.51
468;-23.004126;-46.839086;757.8;408.82;-95.5;-88.51
469;-23.004126;-46.839086;757.9;408.82;-94.5;-88.51
470;-23.004126;-46.839086;758.0;408.81;-95.5;-88.51
471;-23.004127;-46.839086;757.9;408.78;-94.5;-88.51
472;-23.004128;-46.839087;757.6;408.85;-97.5;-88.51
473;-23.004128;-46.839087;757.6;408.85;-97.5;-88.51
474;-23.004129;-46.839095;755.7;409.65;-95.5;-88.54
475;-23.00413;-46.839099;754.9;410.03;-94.5;-88.55
476;-23.00413;-46.839102;754.1;410.36;-97.5;-88.56
477;-23.00413;-46.839104;753.8;410.57;-97.5;-88.56
478;-23.00413;-46.839104;753.2;410.6;-93.5;-88.57
479;-23.00413;-46.839104;752.7;410.63;-93.5;-88.57
480;-23.004131;-46.839103;752.4;410.51;-96.5;-88.56
481;-23.004131;-46.839103;752.2;410.52;-95.5;-88.56
482;-23.004131;-46.839102;752.0;410.44;-95.5;-88.56
483;-23.004131;-46.839102;752.0;410.44;-95.5;-88.56
484;-23.004131;-46.839103;751.9;410.54;-94.5;-88.56
485;-23.004131;-46.839103;751.6;410.55;-95.5;-88.56
486;-23.00413;-46.839105;751.2;410.81;-95.5;-88.57
487;-23.004129;-46.839107;750.9;411.06;-96.5;-88.58
488;-23.004128;-46.83911;750.4;411.41;-97.5;-88.59
489;-23.004127;-46.839112;750.0;411.67;-95.5;-88.6
490;-23.004127;-46.839113;749.9;411.77;-98.5;-88.6
491;-23.004127;-46.839113;749.9;411.77;-98.5;-88.6
492;-23.004124;-46.839114;750.3;411.96;-94.5;-88.61
493;-23.004124;-46.839114;750.4;411.95;-94.5;-88.61
494;-23.004123;-46.839114;750.5;411.99;-96.5;-88.61
495;-23.004123;-46.839115;750.8;412.07;-97.5;-88.61
496;-23.004121;-46.839116;750.8;412.24;-97.5;-88.62
497;-23.00412;-46.83912;750.6;412.67;-96.5;-88.63
498;-23.004118;-46.839124;750.5;413.14;-96.5;-88.65
499;-23.004116;-46.839126;750.5;413.41;-95.5;-88.65
500;-23.004115;-46.839129;750.5;413.74;-95.5;-88.66
501;-23.004114;-46.83913;750.7;413.86;-97.5;-88.67
502;-23.004112;-46.83913;751.0;413.92;-97.5;-88.67
503;-23.004109;-46.83913;751.3;414.03;-95.5;-88.67
504;-23.004107;-46.839129;751.8;413.99;-95.5;-88.67
505;-23.004106;-46.839129;752.0;414.01;-95.5;-88.67
506;-23.004104;-46.83913;752.2;414.18;-96.5;-88.68
507;-23.004104;-46.839131;752.2;414.28;-95.5;-88.68
508;-23.004102;-46.839132;752.1;414.46;-94.5;-88.69
509;-23.004101;-46.839133;752.1;414.59;-94.5;-88.69
510;-23.004099;-46.839135;751.9;414.88;-94.5;-88.7
511;-23.004097;-46.839137;751.6;415.16;-95.5;-88.71
512;-23.004096;-46.839138;751.3;415.32;-95.5;-88.71
513;-23.004095;-46.83914;750.9;415.57;-95.5;-88.72
514;-23.004094;-46.839141;750.7;415.72;-95.5;-88.73
515;-23.004092;-46.839141;750.6;415.81;-94.5;-88.73
516;-23.004092;-46.839142;750.6;415.9;-96.5;-88.73
517;-23.00409;-46.839142;750.5;415.99;-94.5;-88.74
518;-23.00409;-46.839142;750.5;415.99;-94.5;-88.74
519;-23.00409;-46.839143;750.6;416.08;-95.5;-88.74
520;-23.00409;-46.839143;750.7;416.07;-97.5;-88.74
521;-23.004091;-46.839143;750.9;416.02;-95.5;-88.74
522;-23.004089;-46.839145;750.6;416.31;-94.5;-88.75
523;-23.004089;-46.839146;750.5;416.41;-94.5;-88.75
524;-23.004089;-46.839158;750.1;417.57;-95.5;-88.78
525;-23.004091;-46.839185;750.4;420.04;-90.0;-88.86
526;-23.00409;-46.839207;751.0;422.14;-91.0;-88.93
527;-23.004074;-46.839265;751.5;428.28;-111.0;-89.11
528;-23.004053;-46.839346;751.5;436.84;-102.5;-89.37
529;-23.004038;-46.839391;751.8;441.72;-106.0;-89.52
530;-23.00401;-46.839476;751.8;450.94;-105.0;-89.79
531;-23.003981;-46.839557;751.8;459.83;-101.5;-90.04
532;-23.003947;-46.839636;751.9;468.71;-101.0;-90.29
533;-23.003932;-46.839678;752.0;473.31;-105.0;-90.42
534;-23.003911;-46.839753;751.8;481.32;-103.0;-90.64
535;-23.003891;-46.839811;752.0;487.64;-104.5;-90.81
536;-23.00386;-46.839846;751.4;492.25;-109.0;-90.93
537;-23.003846;-46.839877;751.2;495.77;-105.5;-91.02
538;-23.003842;-46.839885;751.2;496.7;-106.5;-91.05
539;-23.003845;-46.839891;751.3;497.14;-105.5;-91.06
540;-23.003843;-46.839893;751.1;497.42;-103.0;-91.06
541;-23.003846;-46.839893;751.3;497.29;-106.5;-91.06
542;-23.00385;-46.839892;751.6;497.02;-104.5;-91.05
543;-23.003856;-46.839888;752.3;496.37;-104.5;-91.04
544;-23.00386;-46.839889;752.6;496.29;-106.5;-91.03
545;-23.00387;-46.839888;753.5;495.75;-107.0;-91.02
546;-23.003879;-46.839886;754.5;495.16;-105.0;-91.01
547;-23.003886;-46.839885;755.5;494.75;-107.0;-90.99
548;-23.003892;-46.839885;756.2;494.49;-106.5;-90.99
549;-23.003901;-46.839886;757.1;494.19;-110.0;-90.98
550;-23.003902;-46.839887;757.3;494.24;-105.0;-90.98
551;-23.003906;-46.839888;757.8;494.16;-103.5;-90.98
552;-23.003909;-46.839892;758.1;494.42;-108.0;-90.99
553;-23.003913;-46.839894;759.0;494.43;-104.0;-90.99
554;-23.003917;-46.839893;759.9;494.15;-106.5;-90.98
555;-23.003923;-46.83989;760.4;493.61;-106.0;-90.96
556;-23.003926;-46.839889;761.5;493.37;-108.0;-90.96
557;-23.00393;-46.839888;762.0;493.1;-104.5;-90.95
558;-23.003931;-46.839888;762.3;493.06;-104.0;-90.95
559;-23.003932;-46.839888;762.7;493.01;-106.0;-90.95
560;-23.003933;-46.839888;762.9;492.96;-102.5;-90.95
561;-23.003933;-46.839889;763.1;493.05;-104.5;-90.95
562;-23.003935;-46.839889;763.4;492.97;-106.0;-90.95
563;-23.003936;-46.839889;763.8;492.92;-106.0;-90.95
564;-23.003934;-46.839887;764.3;492.8;-105.5;-90.94
565;-23.003942;-46.839881;765.9;491.88;-104.0;-90.92
566;-23.003947;-46.839877;766.5;491.29;-107.0;-90.9
567;-23.003949;-46.839876;767.6;491.1;-106.5;-90.9
568;-23.003951;-46.839874;768.0;490.83;-104.0;-90.89
569;-23.003952;-46.839874;768.4;490.78;-106.0;-90.89
570;-23.003951;-46.839874;768.4;490.82;-104.0;-90.89
571;-23.003952;-46.839874;768.6;490.78;-106.0;-90.89
572;-23.003951;-46.839875;768.5;490.92;-107.5;-90.89
573;-23.003949;-46.839877;768.2;491.19;-104.0;-90.9
574;-23.003952;-46.839877;768.6;491.07;-104.5;-90.9
575;-23.00395;-46.839876;768.5;491.05;-105.5;-90.9
576;-23.003949;-46.839875;768.6;490.99;-104.5;-90.9
577;-23.003951;-46.839872;768.9;490.62;-105.0;-90.89
578;-23.003951;-46.839871;769.1;490.52;-106.0;-90.88
579;-23.003961;-46.83987;770.1;490.03;-107.0;-90.87
580;-23.003966;-46.83987;770.8;489.84;-104.0;-90.86
581;-23.003975;-46.839869;771.7;489.39;-106.5;-90.85
582;-23.003978;-46.839869;772.1;489.28;-105.5;-90.85
583;-23.003981;-46.83987;772.2;489.26;-108.0;-90.85
584;-23.003983;-46.839871;772.5;489.28;-107.5;-90.85
585;-23.003985;-46.839873;772.6;489.4;-105.0;-90.85
586;-23.003986;-46.839873;772.6;489.36;-103.5;-90.85
587;-23.003985;-46.839873;772.4;489.4;-106.0;-90.85
588;-23.003986;-46.839872;772.8;489.26;-105.5;-90.85
589;-23.003986;-46.83987;773.1;489.07;-108.5;-90.84
590;-23.003987;-46.839867;773.6;488.74;-108.5;-90.84
591;-23.003987;-46.839864;773.9;488.45;-108.5;-90.83
592;-23.003985;-46.839862;773.9;488.33;-104.5;-90.82
593;-23.003985;-46.839862;773.8;488.33;-105.5;-90.82
594;-23.003984;-46.839862;773.8;488.37;-107.5;-90.83
595;-23.003983;-46.839862;773.7;488.41;-104.0;-90.83
596;-23.003983;-46.839863;773.7;488.5;-107.5;-90.83
597;-23.003983;-46.839864;773.6;488.6;-109.5;-90.83
598;-23.003985;-46.839865;773.8;488.62;-111.5;-90.83
599;-23.003984;-46.839865;773.6;488.66;-107.0;-90.83
600;-23.003983;-46.839864;773.7;488.6;-111.0;-90.83
601;-23.003986;-46.839862;773.8;488.3;-105.0;-90.82
602;-23.003986;-46.839861;774.1;488.2;-103.0;-90.82
603;-23.003987;-46.839859;774.2;487.97;-105.5;-90.81
604;-23.003985;-46.839858;774.3;487.95;-108.0;-90.81
605;-23.003985;-46.839857;774.4;487.85;-104.5;-90.81
606;-23.003983;-46.839859;774.2;488.12;-105.5;-90.82
607;-23.003982;-46.83986;774.0;488.25;-111.5;-90.82
608;-23.003979;-46.839862;773.5;488.56;-111.0;-90.83
609;-23.003977;-46.839863;773.0;488.73;-104.0;-90.84
610;-23.003977;-46.839865;772.8;488.93;-106.5;-90.84
611;-23.003979;-46.839864;773.0;488.75;-108.0;-90.84
612;-23.003978;-46.839864;772.9;488.79;-106.0;-90.84
613;-23.003981;-46.839865;772.8;488.78;-103.5;-90.84
614;-23.003982;-46.839865;772.7;488.74;-104.5;-90.84
615;-23.003982;-46.839866;772.6;488.84;-104.5;-90.84
616;-23.003982;-46.839864;772.5;488.64;-104.5;-90.83
617;-23.003976;-46.839863;771.7;488.78;-107.0;-90.84
618;-23.003973;-46.839865;771.2;489.09;-105.5;-90.84
619;-23.003972;-46.839866;770.9;489.23;-109.0;-90.85
620;-23.003973;-46.839868;770.7;489.38;-109.0;-90.85
621;-23.003975;-46.839868;770.8;489.31;-105.0;-90.85
622;-23.003983;-46.839872;771.5;489.38;-106.5;-90.85
623;-23.003991;-46.839884;772.8;490.23;-107.5;-90.88
624;-23.004;-46.839904;774.2;491.83;-95.5;-90.92
625;-23.003988;-46.839945;773.3;496.23;-105.5;-91.03
626;-23.003908;-46.839991;771.9;503.67;-108.5;-91.23
627;-23.003846;-46.840034;762.7;510.34;-106.5;-91.4
628;-23.003836;-46.840059;760.0;513.2;-101.0;-91.47
629;-23.003827;-46.840123;759.0;519.72;-106.0;-91.64
630;-23.00383;-46.840195;758.7;526.51;-108.5;-91.81
631;-23.003813;-46.840255;757.6;532.96;-107.5;-91.96
632;-23.003797;-46.840292;756.3;537.17;-106.5;-92.07
633;-23.003794;-46.840306;756.0;538.64;-96.5;-92.1
634;-23.003782;-46.84033;755.0;541.44;-105.0;-92.17
635;-23.003779;-46.840337;754.6;542.25;-106.5;-92.19
636;-23.003771;-46.840337;753.3;542.61;-103.5;-92.2
637;-23.003764;-46.840339;752.8;543.09;-107.0;-92.21
638;-23.003761;-46.84034;752.8;543.3;-105.0;-92.21
639;-23.003751;-46.84034;752.0;543.72;-105.0;-92.22
640;-23.003743;-46.840342;751.8;544.24;-104.5;-92.24
641;-23.003738;-46.840346;752.9;544.77;-105.0;-92.25
642;-23.003732;-46.840348;753.4;545.18;-108.0;-92.26
643;-23.00373;-46.840349;753.7;545.34;-105.5;-92.26
644;-23.003725;-46.840351;753.7;545.73;-105.0;-92.27
645;-23.003721;-46.840354;754.6;546.14;-105.5;-92.28
646;-23.003718;-46.840356;755.5;546.41;-107.0;-92.29
647;-23.003717;-46.840357;756.0;546.53;-105.0;-92.29
648;-23.003714;-46.840358;756.4;546.73;-105.5;-92.3
649;-23.003709;-46.840359;757.4;546.99;-104.0;-92.3
650;-23.003704;-46.840359;757.6;547.18;-105.5;-92.31
651;-23.003701;-46.840359;758.7;547.27;-106.5;-92.31
652;-23.003696;-46.840358;759.3;547.35;-107.0;-92.31
653;-23.003694;-46.84036;760.1;547.6;-105.5;-92.32
654;-23.003693;-46.840361;760.7;547.72;-107.0;-92.32
655;-23.003691;-46.840361;760.8;547.8;-107.0;-92.32
656;-23.00369;-46.840362;761.8;547.91;-105.0;-92.32
657;-23.003687;-46.840363;762.2;548.11;-105.0;-92.33
658;-23.003686;-46.840363;762.1;548.15;-104.5;-92.33
659;-23.003683;-46.840362;761.9;548.18;-106.0;-92.33
660;-23.003682;-46.840362;761.7;548.23;-106.5;-92.33
661;-23.00368;-46.840363;761.6;548.41;-106.5;-92.34
662;-23.00368;-46.840363;761.4;548.41;-105.0;-92.34
663;-23.003678;-46.840362;761.1;548.41;-104.0;-92.34
664;-23.003676;-46.840362;761.0;548.49;-106.0;-92.34
665;-23.003675;-46.840362;761.0;548.53;-104.0;-92.34
666;-23.003674;-46.840362;761.0;548.57;-117.5;-92.34
667;-23.003673;-46.840363;761.4;548.7;-116.0;-92.34
668;-23.003672;-46.840362;761.4;548.64;-106.0;-92.34
669;-23.003672;-46.840363;761.4;548.74;-105.5;-92.34
670;-23.003673;-46.840364;761.7;548.78;-106.5;-92.34
671;-23.003676;-46.840367;762.3;548.93;-104.0;-92.35
672;-23.003678;-46.840369;762.8;549.03;-105.5;-92.35
673;-23.003679;-46.840369;762.9;548.99;-105.0;-92.35
674;-23.00368;-46.84037;763.4;549.03;-104.5;-92.35
675;-23.00368;-46.84037;763.8;549.02;-106.5;-92.35
676;-23.00368;-46.840369;764.0;548.93;-105.5;-92.35
677;-23.003682;-46.84037;764.6;548.93;-105.0;-92.35
678;-23.003682;-46.840369;765.0;548.83;-106.0;-92.35
679;-23.003682;-46.840369;765.2;548.82;-105.5;-92.35
680;-23.003681;-46.840368;765.0;548.77;-104.5;-92.34
681;-23.003683;-46.840368;765.5;548.68;-105.0;-92.34
682;-23.003684;-46.840368;765.5;548.64;-110.0;-92.34
683;-23.003683;-46.840367;765.0;548.59;-105.0;-92.34
684;-23.003682;-46.840365;764.9;548.45;-105.0;-92.34
685;-23.003685;-46.840367;765.7;548.5;-105.5;-92.34
686;-23.003685;-46.840366;765.6;548.41;-107.0;-92.34
687;-23.003685;-46.840365;765.4;548.32;-104.5;-92.33
688;-23.003683;-46.840364;765.2;548.3;-104.0;-92.33
689;-23.003682;-46.840362;764.6;548.16;-107.0;-92.33
690;-23.00368;-46.84036;764.1;548.06;-105.5;-92.33
691;-23.00368;-46.840359;763.4;547.98;-107.5;-92.33
692;-23.00368;-46.840358;762.8;547.9;-105.0;-92.32
693;-23.003682;-46.840357;762.1;547.74;-108.5;-92.32
694;-23.003684;-46.840357;761.8;547.67;-105.0;-92.32
695;-23.003685;-46.840356;760.9;547.56;-106.0;-92.32
696;-23.003687;-46.840355;759.5;547.42;-107.0;-92.31
697;-23.003687;-46.840354;759.2;547.33;-109.0;-92.31
698;-23.003687;-46.840353;758.2;547.27;-107.0;-92.31
699;-23.003688;-46.840352;757.9;547.14;-105.5;-92.31
700;-23.003687;-46.840351;757.6;547.1;-108.0;-92.3
701;-23.003688;-46.84035;757.4;546.97;-108.5;-92.3
702;-23.003689;-46.840351;756.5;547.05;-107.0;-92.3
703;-23.00369;-46.840351;755.7;547.04;-105.5;-92.3
704;-23.003691;-46.840351;755.6;547.01;-106.5;-92.3
705;-23.00369;-46.84035;755.8;546.94;-107.0;-92.3
706;-23.003691;-46.84035;755.8;546.9;-109.0;-92.3
707;-23.003692;-46.840352;755.8;547.05;-107.0;-92.3
708;-23.003692;-46.840353;755.3;547.17;-105.5;-92.31
709;-23.003695;-46.840355;754.9;547.25;-107.0;-92.31
710;-23.003697;-46.840356;754.3;547.29;-108.5;-92.31
711;-23.003698;-46.840356;754.4;547.25;-107.5;-92.31
712;-23.003697;-46.840357;754.5;547.38;-104.0;-92.31
713;-23.003697;-46.840356;753.8;547.31;-104.0;-92.31
714;-23.003698;-46.840356;753.6;547.28;-105.0;-92.31
715;-23.0037;-46.840356;753.3;547.21;-105.0;-92.31
716;-23.003702;-46.840356;752.0;547.19;-107.5;-92.31
717;-23.003706;-46.840356;751.4;547.05;-104.0;-92.3
718;-23.003708;-46.840356;751.4;546.97;-104.0;-92.3
719;-23.00371;-46.840356;750.6;546.93;-104.5;-92.3
720;-23.003709;-46.840355;751.0;546.85;-106.0;-92.3
721;-23.003705;-46.840354;751.8;546.88;-105.0;-92.3
722;-23.003708;-46.840356;751.6;546.96;-98.5;-92.3
723;-23.003711;-46.840359;749.9;547.21;-98.5;-92.31
724;-23.003713;-46.840364;749.6;547.62;-104.0;-92.32
725;-23.003719;-46.840367;747.9;547.75;-102.5;-92.32
726;-23.003722;-46.840368;746.5;547.8;-102.5;-92.32
727;-23.003729;-46.840371;744.0;547.95;-103.5;-92.33
728;-23.003732;-46.840373;743.1;548.08;-98.5;-92.33
729;-23.003732;-46.840374;743.3;548.16;-103.0;-92.33
730;-23.003735;-46.840373;743.1;547.96;-104.0;-92.33
731;-23.003735;-46.840375;743.0;548.16;-108.0;-92.33
732;-23.003724;-46.840398;744.1;550.72;-117.0;-92.39
733;-23.003724;-46.840398;744.1;550.72;-117.0;-92.39
734;-23.003683;-46.840546;742.9;566.55;-113.5;-92.76
735;-23.003673;-46.840596;742.0;571.78;-117.5;-92.88
736;-23.003673;-46.840596;742.0;571.78;-117.5;-92.88
737;-23.003698;-46.840682;736.9;579.39;-115.0;-93.05
738;-23.003698;-46.840682;736.9;579.39;-115.0;-93.05
739;-23.003697;-46.840688;738.5;579.9;-114.0;-93.06
740;-23.003697;-46.840688;738.5;579.9;-114.0;-93.06
741;-23.003695;-46.840693;740.1;580.35;-117.0;-93.07
742;-23.003695;-46.840693;740.1;580.35;-114.0;-93.07
743;-23.003695;-46.840693;740.1;580.35;-114.0;-93.07
744;-23.003692;-46.840696;741.6;580.67;-120.5;-93.08
745;-23.003691;-46.840697;741.7;580.79;-118.5;-93.08
746;-23.003691;-46.840698;742.2;580.86;-117.0;-93.09
747;-23.003689;-46.840699;742.8;581.0;-115.5;-93.09
748;-23.003687;-46.840701;743.1;581.25;-115.5;-93.09
749;-23.003686;-46.840702;743.8;581.35;-118.0;-93.1
750;-23.003686;-46.840702;743.8;581.35;-118.0;-93.1
751;-23.003693;-46.840706;742.6;581.53;-118.0;-93.1
752;-23.003693;-46.840706;742.6;581.53;-118.0;-93.1
753;-23.003693;-46.840706;742.6;581.53;-118.0;-93.1
754;-23.003693;-46.840706;742.6;581.53;-118.0;-93.1
755;-23.003693;-46.840706;742.6;581.53;-118.0;-93.1
756;-23.003693;-46.840706;742.6;581.53;-118.0;-93.1
757;-23.003571;-46.840925;745.9;607.03;-117.0;-93.66
758;-23.003571;-46.840925;745.9;607.03;-117.0;-93.66
759;-23.003571;-46.840925;745.9;607.03;-117.0;-93.66
760;-23.003571;-46.840925;745.9;607.03;-117.0;-93.66
761;-23.003571;-46.840925;745.9;607.03;-117.0;-93.66
762;-23.003571;-46.840925;745.9;607.03;-117.0;-93.66
763;-23.003571;-46.840925;745.9;607.03;-117.0;-93.66
764;-23.003571;-46.840925;745.9;607.03;-117.0;-93.66
765;-23.003571;-46.840925;745.9;607.03;-117.0;-93.66
766;-23.003571;-46.840925;745.9;607.03;-117.0;-93.66
767;-23.003571;-46.840925;745.9;607.03;-117.0;-93.66
768;-23.003571;-46.840925;745.9;607.03;-117.0;-93.66
769;-23.003571;-46.840925;745.9;607.03;-117.0;-93.66
770;-23.003571;-46.840925;745.9;607.03;-117.0;-93.66
771;-23.003571;-46.840925;745.9;607.03;-117.0;-93.66
772;-23.003571;-46.840925;745.9;607.03;-117.0;-93.66
773;-23.003571;-46.840925;745.9;607.03;-117.0;-93.66
774;-23.003571;-46.840925;745.9;607.03;-117.0;-93.66
775;-23.003571;-46.840925;745.9;607.03;-117.0;-93.66
776;-23.003571;-46.840925;745.9;607.03;-117.0;-93.66
777;-23.003571;-46.840925;745.9;607.03;-117.0;-93.66
778;-23.003571;-46.840925;745.9;607.03;-117.0;-93.66
779;-23.003571;-46.840925;745.9;607.03;-117.0;-93.66
780;-23.003571;-46.840925;745.9;607.03;-117.0;-93.66
781;-23.003571;-46.840925;745.9;607.03;-117.0;-93.66
782;-23.003571;-46.840925;745.9;607.03;-117.0;-93.66
783;-23.003571;-46.840925;745.9;607.03;-117.0;-93.66
784;-23.003571;-46.840925;745.9;607.03;-117.0;-93.66
785;-23.003571;-46.840925;745.9;607.03;-117.0;-93.66
786;-23.003571;-46.840925;745.9;607.03;-117.0;-93.66
787;-23.003571;-46.840925;745.9;607.03;-117.0;-93.66
788;-23.003571;-46.840925;745.9;607.03;-117.0;-93.66
789;-23.003571;-46.840925;745.9;607.03;-117.0;-93.66
790;-23.003571;-46.840925;745.9;607.03;-117.0;-93.66
791;-23.003571;-46.840925;745.9;607.03;-117.0;-93.66
792;-23.003571;-46.840925;745.9;607.03;-117.0;-93.66
793;-23.003571;-46.840925;745.9;607.03;-117.0;-93.66
794;-23.003571;-46.840925;745.9;607.03;-117.0;-93.66
795;-23.003571;-46.840925;745.9;607.03;-117.0;-93.66
796;-23.003571;-46.840925;745.9;607.03;-117.0;-93.66
797;-23.003571;-46.840925;745.9;607.03;-117.0;-93.66
798;-23.003571;-46.840925;745.9;607.03;-117.0;-93.66
799;-23.003571;-46.840925;745.9;607.03;-117.0;-93.66
800;-23.003571;-46.840925;745.9;607.03;-117.0;-93.66
801;-23.003571;-46.840925;745.9;607.03;-117.0;-93.66
802;-23.003571;-46.840925;745.9;607.03;-117.0;-93.66
803;-23.003571;-46.840925;745.9;607.03;-117.0;-93.66
804;-23.003571;-46.840925;745.9;607.03;-117.0;-93.66
805;-23.003571;-46.840925;745.9;607.03;-117.0;-93.66
806;-23.003571;-46.840925;745.9;607.03;-117.0;-93.66
807;-23.003571;-46.840925;745.9;607.03;-117.0;-93.66
808;-23.003571;-46.840925;745.9;607.03;-117.0;-93.66
809;-23.003571;-46.840925;745.9;607.03;-117.0;-93.66
810;-23.003571;-46.840925;745.9;607.03;-117.0;-93.66
811;-23.003571;-46.840925;745.9;607.03;-117.0;-93.66
812;-23.003571;-46.840925;745.9;607.03;-117.0;-93.66
813;-23.003571;-46.840925;745.9;607.03;-117.0;-93.66
814;-23.003571;-46.840925;745.9;607.03;-117.0;-93.66
815;-23.003571;-46.840925;745.9;607.03;-117.0;-93.66
816;-23.003571;-46.840925;745.9;607.03;-117.0;-93.66
817;-23.003571;-46.840925;745.9;607.03;-117.0;-93.66
818;-23.003571;-46.840925;745.9;607.03;-117.0;-93.66
819;-23.003571;-46.840925;745.9;607.03;-117.0;-93.66
820;-23.003571;-46.840925;745.9;607.03;-117.0;-93.66
821;-23.003571;-46.840925;745.9;607.03;-117.0;-93.66
822;-23.003571;-46.840925;745.9;607.03;-117.0;-93.66
823;-23.003571;-46.840925;745.9;607.03;-117.0;-93.66
824;-23.003571;-46.840925;745.9;607.03;-117.0;-93.66
