Medida;Latitude;Longitude;Altitude;Distancia_3D_m;RSSI_DL_medido;RSSI_DL_previsto_shadowing
1;-23.005306;-46.835385;760.2;23.37;-43.0;-45.69
2;-23.005307;-46.835387;759.2;23.96;-43.0;-46.02
3;-23.005313;-46.835387;757.6;24.61;-43.0;-46.37
4;-23.005322;-46.835389;755.6;25.47;-45.5;-46.81
5;-23.00533;-46.835393;753.1;26.98;-44.0;-47.57
6;-23.005338;-46.835393;750.2;28.98;-45.5;-48.5
7;-23.005342;-46.835393;748.6;30.18;-45.5;-49.03
8;-23.005348;-46.835395;746.5;31.8;-43.0;-49.71
9;-23.005352;-46.835397;744.9;33.1;-45.5;-50.23
10;-23.005359;-46.835397;743.5;34.12;-44.0;-50.62
11;-23.005362;-46.835396;742.6;34.84;-45.5;-50.9
12;-23.005365;-46.835394;741.9;35.38;-45.5;-51.1
13;-23.005371;-46.835394;741.7;35.37;-45.5;-51.09
14;-23.005374;-46.835396;741.1;35.86;-46.5;-51.27
15;-23.005378;-46.835397;740.4;36.42;-43.0;-51.47
16;-23.005383;-46.835397;739.6;37.05;-44.0;-51.7
17;-23.005388;-46.835395;739.3;37.19;-44.0;-51.75
18;-23.005389;-46.835394;739.8;36.67;-46.5;-51.56
19;-23.005387;-46.835396;740.7;35.87;-42.0;-51.27
20;-23.00538;-46.835398;743.2;33.68;-42.0;-50.46
21;-23.005378;-46.835396;745.1;31.92;-42.0;-49.76
22;-23.00537;-46.835404;749.6;28.1;-45.5;-48.09
23;-23.005367;-46.835403;752.5;25.58;-42.0;-46.87
24;-23.005365;-46.835401;754.5;23.89;-44.0;-45.98
25;-23.00537;-46.835392;754.5;23.53;-43.0;-45.78
26;-23.005378;-46.835388;753.6;23.92;-43.0;-46.0
27;-23.005388;-46.835388;752.2;24.8;-44.0;-46.47
28;-23.005396;-46.835387;750.3;26.3;-43.0;-47.24
29;-23.005402;-46.83538;750.2;26.18;-39.0;-47.17
30;-23.005395;-46.835376;751.1;25.52;-41.0;-46.84
31;-23.005384;-46.835371;753.4;23.77;-41.0;-45.92
32;-23.005376;-46.835371;754.8;22.85;-41.0;-45.4
33;-23.005369;-46.835367;757.2;21.1;-41.0;-44.36
34;-23.005366;-46.835361;758.2;20.44;-40.0;-43.95
35;-23.005357;-46.835358;761.3;18.56;-41.0;-42.69
36;-23.00535;-46.835357;763.7;17.38;-41.0;-41.84
37;-23.005337;-46.835354;767.6;16.31;-41.0;-41.01
38;-23.00533;-46.835347;769.5;16.3;-41.0;-41.0
39;-23.005336;-46.835343;767.0;16.85;-40.0;-41.43
40;-23.005337;-46.835338;766.2;17.26;-41.0;-41.75
41;-23.005344;-46.835335;763.9;18.06;-40.0;-42.33
42;-23.005351;-46.835335;761.6;19.08;-41.0;-43.05
43;-23.005356;-46.835334;760.5;19.56;-41.0;-43.37
44;-23.005355;-46.835335;760.6;19.53;-41.0;-43.36
45;-23.005346;-46.835338;764.0;17.77;-41.0;-42.13
46;-23.005341;-46.835341;766.0;16.95;-41.0;-41.51
47;-23.005341;-46.835343;766.0;16.91;-41.0;-41.48
48;-23.005341;-46.835346;766.5;16.59;-41.0;-41.23
49;-23.005346;-46.835348;765.0;16.98;-41.0;-41.53
50;-23.005347;-46.835348;764.3;17.33;-40.0;-41.8
51;-23.005351;-46.835348;762.7;18.08;-41.0;-42.35
52;-23.00535;-46.835351;762.1;18.55;-43.0;-42.69
53;-23.00532;-46.835409;763.4;20.49;-50.5;-43.98
54;-23.005263;-46.835537;759.8;32.25;-56.0;-49.89
55;-23.005187;-46.835727;758.0;50.93;-71.0;-55.84
56;-23.005178;-46.835763;758.0;54.21;-66.5;-56.66
57;-23.005186;-46.835743;757.5;52.35;-70.0;-56.2
58;-23.005192;-46.835732;758.0;50.96;-71.0;-55.85
59;-23.005193;-46.835733;759.0;50.64;-71.0;-55.77
60;-23.005198;-46.835733;760.3;49.9;-68.5;-55.58
61;-23.005201;-46.835733;761.4;49.38;-66.5;-55.44
62;-23.005205;-46.835733;761.9;48.97;-67.5;-55.33
63;-23.005208;-46.835732;762.6;48.51;-66.5;-55.21
64;-23.005209;-46.835731;762.9;48.29;-72.0;-55.15
65;-23.005207;-46.83573;763.5;48.19;-68.5;-55.12
66;-23.005208;-46.83573;763.9;48.03;-70.0;-55.08
67;-23.005209;-46.835731;764.2;47.97;-67.5;-55.06
68;-23.00521;-46.835731;764.3;47.88;-67.5;-55.04
69;-23.005208;-46.835731;764.2;48.03;-66.5;-55.08
70;-23.005203;-46.835731;764.1;48.39;-66.5;-55.18
71;-23.005205;-46.83573;763.9;48.23;-67.5;-55.13
72;-23.005208;-46.83573;763.8;48.05;-81.5;-55.09
73;-23.005212;-46.835729;763.8;47.71;-67.5;-54.99
74;-23.005215;-46.835729;763.7;47.54;-68.5;-54.95
75;-23.005216;-46.835729;763.5;47.52;-73.0;-54.94
76;-23.005218;-46.835729;763.7;47.34;-66.5;-54.89
77;-23.005223;-46.835731;763.7;47.18;-66.5;-54.85
78;-23.005223;-46.835732;763.5;47.31;-66.5;-54.88
79;-23.00522;-46.835731;763.3;47.47;-71.0;-54.93
80;-23.005216;-46.835732;762.8;47.94;-66.5;-55.06
81;-23.005213;-46.835733;762.3;48.34;-72.0;-55.16
82;-23.005213;-46.835734;761.8;48.56;-66.5;-55.22
83;-23.005209;-46.835732;761.4;48.78;-70.0;-55.28
84;-23.005204;-46.835732;760.4;49.4;-68.5;-55.45
85;-23.005199;-46.835733;759.6;50.05;-67.5;-55.62
86;-23.005195;-46.835733;758.9;50.54;-67.5;-55.74
87;-23.005192;-46.835735;758.2;51.12;-67.5;-55.89
88;-23.00519;-46.835737;757.6;51.6;-67.5;-56.01
89;-23.005186;-46.835737;757.2;52.01;-67.5;-56.12
90;-23.005185;-46.835738;756.9;52.25;-67.5;-56.18
91;-23.005183;-46.83574;756.9;52.53;-67.5;-56.25
92;-23.005181;-46.83574;756.9;52.67;-67.5;-56.28
93;-23.005176;-46.835739;756.7;53.0;-72.0;-56.36
94;-23.005173;-46.835738;756.6;53.16;-67.5;-56.4
95;-23.005171;-46.835738;756.4;53.37;-68.5;-56.45
96;-23.005172;-46.835738;756.3;53.34;-67.5;-56.45
97;-23.005174;-46.835738;756.3;53.2;-71.0;-56.41
98;-23.005176;-46.835738;756.6;52.96;-73.0;-56.35
99;-23.005177;-46.835737;756.9;52.71;-67.5;-56.29
100;-23.005179;-46.835738;757.2;52.55;-72.0;-56.25
101;-23.005179;-46.835739;757.3;52.59;-71.0;-56.26
102;-23.00518;-46.835739;757.4;52.49;-72.0;-56.24
103;-23.005181;-46.835739;757.4;52.42;-72.0;-56.22
104;-23.005182;-46.835738;757.5;52.24;-73.0;-56.18
105;-23.005183;-46.835738;757.4;52.21;-66.5;-56.17
106;-23.005183;-46.835738;757.0;52.35;-67.5;-56.2
107;-23.005181;-46.835735;757.3;52.16;-66.5;-56.15
108;-23.005173;-46.835774;757.5;55.54;-62.5;-56.97
109;-23.005113;-46.836005;757.5;77.95;-67.5;-61.39
110;-23.005041;-46.836228;757.9;101.2;-78.5;-64.79
111;-23.00499;-46.836335;755.9;113.69;-73.0;-66.31
112;-23.004978;-46.836373;755.4;117.78;-74.0;-66.77
113;-23.004979;-46.836383;753.1;119.03;-72.0;-66.9
114;-23.004975;-46.836394;750.6;120.7;-72.0;-67.09
115;-23.004971;-46.836397;749.5;121.4;-72.0;-67.16
116;-23.004967;-46.8364;748.5;122.08;-72.0;-67.23
117;-23.004965;-46.836402;748.0;122.47;-72.0;-67.28
118;-23.004966;-46.836402;747.6;122.51;-73.0;-67.28
119;-23.004965;-46.836402;747.7;122.54;-73.0;-67.28
120;-23.004965;-46.836402;747.4;122.61;-72.0;-67.29
121;-23.004965;-46.836402;747.2;122.65;-72.0;-67.29
122;-23.004968;-46.836404;746.6;122.82;-72.0;-67.31
123;-23.004972;-46.836406;746.1;122.91;-72.0;-67.32
124;-23.004978;-46.836411;745.2;123.28;-72.0;-67.36
125;-23.004982;-46.836414;744.3;123.57;-73.0;-67.39
126;-23.004986;-46.836418;743.5;123.94;-72.0;-67.43
127;-23.00499;-46.836421;742.7;124.22;-72.0;-67.46
128;-23.004993;-46.836424;742.3;124.45;-74.0;-67.48
129;-23.004994;-46.836425;741.9;124.6;-72.0;-67.5
130;-23.004996;-46.836427;741.4;124.82;-73.0;-67.52
131;-23.004996;-46.836426;741.6;124.68;-71.0;-67.51
132;-23.004998;-46.836428;741.8;124.71;-72.0;-67.51
133;-23.004998;-46.83643;742.1;124.8;-72.0;-67.52
134;-23.005002;-46.836429;742.6;124.4;-72.0;-67.48
135;-23.005;-46.836428;742.8;124.35;-74.0;-67.47
136;-23.004999;-46.836427;742.9;124.28;-72.0;-67.47
137;-23.005;-46.836426;743.7;123.94;-71.0;-67.43
138;-23.005;-46.836424;743.9;123.71;-72.0;-67.41
139;-23.004999;-46.836419;744.5;123.16;-72.0;-67.35
140;-23.005;-46.836416;744.7;122.79;-74.0;-67.31
141;-23.005004;-46.836412;744.8;122.22;-72.0;-67.25
142;-23.005007;-46.83641;744.1;122.08;-73.0;-67.23
143;-23.005009;-46.836409;743.7;122.0;-73.0;-67.23
144;-23.00501;-46.836407;743.1;121.94;-75.0;-67.22
145;-23.005014;-46.836407;742.3;121.97;-73.0;-67.22
146;-23.005015;-46.836406;742.5;121.78;-73.0;-67.2
147;-23.005016;-46.836403;742.8;121.38;-74.0;-67.16
148;-23.005016;-46.8364;743.1;121.04;-71.0;-67.12
149;-23.005015;-46.836397;743.6;120.68;-71.0;-67.08
150;-23.005016;-46.836396;743.6;120.55;-72.0;-67.07
151;-23.005015;-46.836393;744.1;120.19;-72.0;-67.03
152;-23.005011;-46.83639;744.9;119.91;-74.0;-67.0
153;-23.005011;-46.836389;745.1;119.77;-72.0;-66.98
154;-23.005009;-46.836388;745.6;119.65;-75.0;-66.97
155;-23.005006;-46.836385;746.4;119.32;-74.0;-66.94
156;-23.005001;-46.836381;747.1;119.04;-74.0;-66.91
157;-23.005002;-46.836381;747.1;118.99;-74.0;-66.9
158;-23.005003;-46.836382;746.5;119.18;-75.0;-66.92
159;-23.005002;