Medida;Latitude;Longitude;Altitude;Distancia_3D_m;RSSI_DL_medido;RSSI_DL_previsto_shadowing
1;-23.005328;-46.83536;760.7;21.19;-57.0;-57.0
2;-23.005325;-46.835359;760.7;21.44;-55.0;-57.15
3;-23.005324;-46.835356;760.7;21.54;-52.5;-57.21
4;-23.005324;-46.835355;760.8;21.48;-52.5;-57.17
5;-23.005323;-46.835355;760.7;21.63;-54.0;-57.26
6;-23.005322;-46.835354;760.8;21.65;-54.0;-57.28
7;-23.005321;-46.835354;760.7;21.8;-52.5;-57.37
8;-23.00532;-46.835355;760.7;21.87;-52.5;-57.41
9;-23.005319;-46.835355;760.6;22.02;-54.0;-57.5
10;-23.005318;-46.835355;760.6;22.1;-52.5;-57.55
11;-23.005316;-46.835354;760.5;22.34;-51.5;-57.69
12;-23.005315;-46.835354;760.6;22.36;-52.5;-57.7
13;-23.005314;-46.835353;760.5;22.52;-54.0;-57.79
14;-23.005313;-46.835353;760.3;22.73;-54.0;-57.91
15;-23.005312;-46.835353;760.2;22.88;-52.5;-58.0
16;-23.005309;-46.835353;760.3;23.06;-52.5;-58.1
17;-23.005308;-46.835353;760.3;23.15;-52.5;-58.15
18;-23.005307;-46.835353;760.4;23.17;-54.0;-58.16
19;-23.005306;-46.835353;760.5;23.19;-51.5;-58.17
20;-23.005305;-46.835352;760.4;23.34;-54.0;-58.26
21;-23.005304;-46.835352;760.2;23.56;-52.5;-58.38
22;-23.005304;-46.835351;760.2;23.57;-51.5;-58.38
23;-23.005303;-46.835351;760.2;23.65;-51.5;-58.43
24;-23.005303;-46.835351;760.0;23.78;-51.5;-58.5
25;-23.005303;-46.835351;760.0;23.78;-51.5;-58.5
26;-23.005304;-46.835352;760.0;23.69;-51.5;-58.45
27;-23.005304;-46.835352;760.1;23.62;-51.5;-58.41
28;-23.005304;-46.835351;760.1;23.63;-51.5;-58.42
29;-23.005305;-46.835351;760.0;23.61;-52.5;-58.41
30;-23.005304;-46.835352;760.0;23.69;-51.5;-58.45
31;-23.005305;-46.835352;759.8;23.73;-51.5;-58.47
32;-23.005305;-46.835353;759.6;23.86;-52.5;-58.54
33;-23.005305;-46.835353;759.6;23.86;-51.5;-58.54
34;-23.005306;-46.835353;759.6;23.77;-51.5;-58.5
35;-23.005306;-46.835353;759.5;23.84;-52.5;-58.53
36;-23.005306;-46.835353;759.5;23.84;-52.5;-58.53
37;-23.005307;-46.835353;759.6;23.69;-52.5;-58.45
38;-23.005306;-46.835353;759.6;23.77;-52.5;-58.5
39;-23.005306;-46.835353;759.6;23.77;-52.5;-58.5
40;-23.005306;-46.835353;759.7;23.71;-52.5;-58.46
41;-23.005306;-46.835353;760.0;23.51;-52.5;-58.35
42;-23.005306;-46.835353;759.9;23.58;-54.0;-58.39
43;-23.005306;-46.835353;760.1;23.45;-52.5;-58.32
44;-23.005304;-46.835351;760.3;23.5;-54.0;-58.35
45;-23.005303;-46.835349;760.3;23.6;-54.0;-58.4
46;-23.005303;-46.835349;760.5;23.48;-54.0;-58.33
47;-23.005304;-46.835349;760.4;23.45;-50.5;-58.32
48;-23.005304;-46.835349;760.2;23.58;-54.0;-58.39
49;-23.005304;-46.835348;760.2;23.59;-54.0;-58.4
50;-23.005306;-46.835349;760.1;23.48;-58.0;-58.33
51;-23.005308;-46.83535;760.0;23.37;-57.0;-58.27
52;-23.005311;-46.835351;760.0;23.11;-61.5;-58.13
53;-23.005311;-46.835351;759.9;23.18;-50.5;-58.17
54;-23.005312;-46.835351;759.8;23.16;-49.5;-58.16
55;-23.005315;-46.835353;759.5;23.11;-49.5;-58.13
56;-23.005316;-46.835353;759.4;23.1;-54.0;-58.12
57;-23.005317;-46.835354;759.5;22.94;-52.5;-58.03
58;-23.005317;-46.835354;759.4;23.01;-51.5;-58.07
59;-23.00532;-46.835355;759.1;22.98;-54.0;-58.05
60;-23.005321;-46.835355;759.0;22.97;-54.0;-58.05
61;-23.005322;-46.835355;758.8;23.04;-55.0;-58.09
62;-23.005323;-46.835355;759.0;22.82;-55.0;-57.96
63;-23.005325;-46.835356;759.0;22.66;-56.0;-57.87
64;-23.005326;-46.835356;759.0;22.58;-54.0;-57.83
65;-23.005326;-46.835357;759.0;22.57;-54.0;-57.82
66;-23.005326;-46.835357;759.0;22.57;-50.5;-57.82
67;-23.005328;-46.835358;759.0;22.42;-49.5;-57.73
68;-23.00533;-46.835354;758.8;22.44;-52.5;-57.74
69;-23.005331;-46.835353;758.9;22.3;-50.5;-57.66
70;-23.005332;-46.835352;759.0;22.16;-51.5;-57.58
71;-23.005333;-46.835352;759.1;22.01;-59.0;-57.49
72;-23.005335;-46.835352;759.3;21.72;-56.0;-57.32
73;-23.005335;-46.835352;759.3;21.72;-56.0;-57.32
74;-23.005339;-46.835352;759.3;21.42;-52.5;-57.14
75;-23.00534;-46.835353;759.3;21.34;-51.5;-57.09
76;-23.005341;-46.835353;759.2;21.34;-51.5;-57.09
77;-23.005342;-46.835353;759.1;21.35;-50.5;-57.09
78;-23.005342;-46.835353;759.0;21.43;-52.5;-57.14
79;-23.005343;-46.835354;759.0;21.35;-52.5;-57.09
80;-23.005343;-46.835354;759.0;21.35;-56.0;-57.09
81;-23.005341;-46.835359;759.0;21.46;-48.5;-57.16
82;-23.005338;-46.835365;759.0;21.65;-45.5;-57.28
83;-23.00533;-46.835377;758.9;22.32;-60.0;-57.67
84;-23.005313;-46.835392;759.0;23.66;-50.5;-58.43
85;-23.005277;-46.835459;758.4;28.44;-59.0;-60.83
86;-23.005259;-46.8355;757.9;31.75;-55.0;-62.27
87;-23.005243;-46.835542;758.2;34.86;-57.0;-63.48
88;-23.005229;-46.835583;758.4;38.12;-63.5;-64.65
89;-23.005209;-46.835662;757.8;44.87;-65.5;-66.77
90;-23.005197;-46.835696;757.7;48.11;-68.5;-67.68
91;-23.005183;-46.835725;757.7;51.15;-64.5;-68.48
92;-23.005173;-46.835744;757.7;53.22;-71.0;-69.0
93;-23.005166;-46.835758;757.9;54.67;-77.5;-69.35
94;-23.005164;-46.835769;758.1;55.56;-72.0;-69.56
95;-23.005166;-46.835765;758.2;55.1;-65.5;-69.45
96;-23.00517;-46.835762;759.0;54.36;-65.5;-69.27
97;-23.005172;-46.835755;758.9;53.73;-63.5;-69.12
98;-23.005177;-46.83574;760.0;51.93;-66.5;-68.68
99;-23.00518;-46.835738;761.1;51.26;-74.0;-68.51
100;-23.00518;-46.835735;761.8;50.84;-68.5;-68.4
101;-23.00518;-46.835732;761.6;50.67;-70.0;-68.36
102;-23.005181;-46.835729;761.6;50.38;-70.0;-68.28
103;-23.005185;-46.835724;761.3;49.81;-70.0;-68.13
104;-23.005186;-46.835723;761.4;49.64;-68.5;-68.09
105;-23.005187;-46.835722;761.5;49.46;-70.0;-68.04
106;-23.005189;-46.835721;761.3;49.31;-67.5;-68.0
107;-23.005191;-46.835722;761.2;49.27;-70.0;-67.99
108;-23.005192;-46.835722;761.1;49.23;-70.0;-67.98
109;-23.005193;-46.835722;761.0;49.19;-68.5;-67.97
110;-23.005194;-46.835722;761.0;49.13;-68.5;-67.95
111;-23.005196;-46.835723;761.0;49.07;-68.5;-67.94
112;-23.005198;-46.835723;760.8;48.99;-68.5;-67.92
113;-23.005199;-46.835724;760.8;49.0;-68.5;-67.92
114;-23.0052;-46.835724;760.8;48.93;-68.5;-67.9
115;-23.0052;-46.835725;760.8;49.01;-68.5;-67.92
116;-23.005201;-46.835725;760.8;48.94;-67.5;-67.9
117;-23.005203;-46.835727;760.9;48.93;-68.5;-67.9
118;-23.005204;-46.835728;761.0;48.91;-70.0;-67.9
119;-23.005205;-46.835729;761.2;48.86;-66.5;-67.88
120;-23.005207;-46.83573;761.3;48.78;-72.0;-67.86
121;-23.005208;-46.835731;761.4;48.76;-70.0;-67.86
122;-23.005208;-46.835732;761.8;48.73;-66.5;-67.85
123;-23.005209;-46.835732;762.0;48.61;-70.0;-67.81
124;-23.005209;-46.835731;762.1;48.5;-72.0;-67.79
125;-23.005208;-46.835731;762.5;48.46;-68.5;-67.77
126;-23.005209;-46.835731;762.7;48.34;-67.5;-67.74
127;-23.005209;-46.835732;762.8;48.39;-68.5;-67.76
128;-23.005209;-46.835732;762.9;48.37;-68.5;-67.75
129;-23.005209;-46.835732;763.2;48.29;-68.5;-67.73
130;-23.00521;-46.835732;763.7;48.1;-67.5;-67.68
131;-23.00521;-46.835732;763.8;48.08;-67.5;-67.67
132;-23.00521;-46.835732;764.0;48.03;-66.5;-67.66
133;-23.00521;-46.835732;764.2;47.98;-67.5;-67.65
134;-23.005211;-46.835732;764.4;47.87;-67.5;-67.62
135;-23.005211;-46.835732;764.8;47.78;-66.5;-67.59
136;-23.005211;-46.835732;764.8;47.78;-66.5;-67.59
137;-23.005211;-46.835732;764.8;47.78;-66.5;-67.59
138;-23.005211;-46.835732;764.8;47.78;-66.5;-67.59
139;-23.005212;-46.835732;768.4;47.04;-68.5;-67.39
140;-23.005212;-46.835731;768.7;46.92;-68.5;-67.35
141;-23.005212;-46.835731;769.3;46.84;-68.5;-67.33
142;-23.005211;-46.835731;769.6;46.87;-70.0;-67.34
143;-23.005211;-46.83573;769.6;46.79;-70.0;-67.32
144;-23.00521;-46.83573;769.7;46.84;-70.0;-67.33
145;-23.005209;-46.83573;769.9;46.89;-70.0;-67.34
146;-23.005209;-46.835731;770.1;46.94;-70.0;-67.36
147;-23.005208;-46.835731;769.9;47.03;-68.5;-67.39
148;-23.005208;-46.83573;770.0;46.94;-67.5;-67.36
149;-23.005207;-46.835729;770.0;46.93;-67.5;-67.36
150;-23.005207;-46.835729;770.3;46.9;-68.5;-67.35
151;-23.005207;-46.835729;770.4;46.88;-67.5;-67.34
152;-23.005207;-46.835729;770.5;46.87;-67.5;-67.34
153;-23.005206;-46.835729;770.7;46.92;-66.5;-67.35
154;-23.005207;-46.835729;771.0;46.82;-70.0;-67.33
155;-23.005207;-46.835729;771.3;46.8;-72.0;-67.32
156;-23.005207;-46.835729;771.3;46.8;-68.5;-67.32
157;-23.005206;-46.835729;771.3;46.87;-68.5;-67.34
158;-23.005206;-46.835731;771.9;46.98;-68.5;-67.37
159;-23.005206;-46.835732;772.2;47.04;-68.5;-67.39
161;-23.005206;-46.835731;771.8;46.98;-68.5;-67.37
162;-23.005206;-46.835733;771.7;47.15;-75.0;-67.42
163;-23.005207;-46.835732;771.3;47.04;-73.0;-67.39
164;-23.005207;-46.835731;771.0;46.99;-76.0;-67.37
165;-23.005208;-46.83573;770.6;46.88;-73.0;-67.34
166;-23.005209;-46.835729;770.3;46.76;-76.0;-67.31
167;-23.00521;-46.835727;770.0;46.56;-73.0;-67.26
168;-23.005211;-46.835726;769.9;46.43;-74.0;-67.22
169;-23.005211;-46.835724;769.8;46.28;-74.0;-67.18
170;-23.005212;-46.835724;769.8;46.21;-76.0;-67.16
171;-23.005213;-46.835722;769.7;46.0;-73.0;-67.1
172;-23.005214;-46.835722;769.6;45.94;-76.0;-67.08
173;-23.005214;-46.835721;769.6;45.86;-82.5;-67.06
174;-23.005214;-46.83572;769.5;45.79;-73.0;-67.04
175;-23.005215;-46.83572;769.4;45.74;-71.0;-67.02
176;-23.005216;-46.83572;769.1;45.71;-74.0;-67.01
177;-23.005216;-46.83572;768.9;45.74;-71.0;-67.02
178;-23.005215;-46.83572;768.7;45.84;-75.0;-67.05
179;-23.005215;-46.835721;768.6;45.93;-68.5;-67.08
180;-23.005212;-46.835742;768.5;47.84;-71.0;-67.61
181;-23.005207;-46.835766;768.5;50.13;-63.5;-68.22
182;-23.0052;-46.835796;768.1;53.13;-65.5;-68.97
183;-23.00519;-46.835831;768.2;56.69;-72.0;-69.82
184;-23.005177;-46.835871;767.9;60.92;-70.0;-70.76
185;-23.005143;-46.83596;766.5;70.77;-71.0;-72.71
186;-23.005128;-46.836008;766.1;75.86;-74.0;-73.61
187;-23.005113;-46.836056;765.6;80.98;-74.0;-74.46
188;-23.005099;-46.836101;765.2;85.78;-72.0;-75.21
189;-23.005074;-46.83617;765.1;93.28;-70.0;-76.31
190;-23.005062;-46.836198;764.1;96.53;-82.5;-76.75
191;-23.005049;-46.836228;763.7;99.94;-76.0;-77.21
192;-23.005038;-46.836245;763.1;102.11;-71.0;-77.49
193;-23.00503;-46.83626;762.8;103.91;-75.0;-77.71
194;-23.005019;-46.83629;761.5;107.33;-74.0;-78.13
195;-23.005013;-46.836309;763.1;109.15;-74.0;-78.35
196;-23.005007;-46.836319;762.3;110.45;-74.0;-78.51
197;-23.005005;-46.836325;762.6;111.06;-75.0;-78.58
198;-23.005003;-46.836329;762.7;111.51;-73.0;-78.63
199;-23.005001;-46.83633;763.6;111.61;-74.0;-78.64
200;-23.005;-46.836332;763.8;111.82;-77.5;-78.67
201;-23.004998;-46.836332;764.0;111.9;-73.0;-78.68
202;-23.004997;-46.836332;764.2;111.93;-73.0;-78.68
203;-23.004995;-46.836334;764.8;112.16;-72.0;-78.71
204;-23.004994;-46.836334;764.9;112.2;-73.0;-78.71
205;-23.004994;-46.836335;765.2;112.26;-72.0;-78.72
206;-23.004993;-46.836336;765.4;112.38;-73.0;-78.73
207;-23.004993;-46.836337;765.6;112.46;-72.0;-78.74
208;-23.004992;-46.836338;766.3;112.54;-75.0;-78.75
209;-23.004991;-46.83634;766.8;112.73;-73.0;-78.77
210;-23.004991;-46.836341;767.2;112.79;-71.0;-78.78
211;-23.004991;-46.844534;767.5;939.46;-72.0;-106.4
212;-23.00499;-46.836344;767.7;113.08;-72.0;-78.81
213;-23.00499;-46.836345;768.2;113.14;-71.0;-78.82
214;-23.00499;-46.836346;768.5;113.21;-73.0;-78.83
215;-23.00499;-46.836348;768.9;113.37;-72.0;-78.85
216;-23.00499;-46.836349;769.3;113.43;-73.0;-78.86
217;-23.00499;-46.83635;769.6;113.51;-75.0;-78.86
218;-23.00499;-46.836351;769.8;113.59;-75.0;-78.87
219;-23.00499;-46.836351;769.9;113.58;-73.0;-78.87
220;-23.00499;-46.836352;770.0;113.67;-72.0;-78.88
221;-23.00499;-46.836353;770.2;113.75;-73.0;-78.89
222;-23.00499;-46.836354;770.6;113.82;-72.0;-78.9
223;-23.00499;-46.836355;770.7;113.91;-73.0;-78.91
224;-23.00499;-46.836355;770.9;113.9;-74.0;-78.91
225;-23.004991;-46.836356;770.9;113.94;-76.0;-78.91
226;-23.004991;-46.836356;770.8;113.95;-76.0;-78.91
227;-23.004992;-46.836357;770.8;113.99;-73.0;-78.92
228;-23.004992;-46.836357;770.8;113.99;-73.0;-78.92
229;-23.004992;-46.836357;770.6;113.99;-74.0;-78.92
230;-23.004993;-46.836358;770.7;114.03;-74.0;-78.92
231;-23.004993;-46.836358;770.6;114.03;-73.0;-78.92
232;-23.004994;-46.836358;770.6;113.98;-73.0;-78.92
233;-23.004994;-46.836358;770.5;113.99;-72.0;-78.92
234;-23.004994;-46.836358;770.4;113.99;-73.0;-78.92
235;-23.004995;-46.836358;770.5;113.94;-72.0;-78.91
236;-23.004995;-46.836358;770.6;113.93;-71.0;-78.91
237;-23.004995;-46.836358;770.6;113.93;-72.0;-78.91
238;-23.004996;-46.836359;770.8;113.96;-73.0;-78.92
239;-23.004996;-46.83636;770.8;114.05;-73.0;-78.93
240;-23.004997;-46.836361;770.8;114.09;-73.0;-78.93
241;-23.004997;-46.836361;770.8;114.09;-73.0;-78.93
242;-23.004997;-46.836361;770.6;114.1;-75.0;-78.93
243;-23.005;-46.84455;770.4;941.02;-74.0;-106.42
244;-23.004997;-46.836361;770.0;114.13;-74.0;-78.94
245;-23.004998;-46.83636;769.6;114.01;-71.0;-78.92
246;-23.004997;-46.836364;769.5;114.43;-72.0;-78.97
247;-23.004995;-46.83637;769.1;115.09;-76.0;-79.05
248;-23.004991;-46.836385;768.2;116.71;-70.0;-79.23
249;-23.004977;-46.836436;766.5;122.18;-68.5;-79.82
250;-23.004968;-46.836471;766.3;125.84;-68.5;-80.21
251;-23.004956;-46.83651;765.9;130.03;-70.0;-80.63
252;-23.004943;-46.836551;765.3;134.47;-73.0;-81.07
253;-23.004914;-46.836629;763.3;143.2;-74.0;-81.89
254;-23.004898;-46.83667;762.4;147.81;-74.0;-82.3
255;-23.004883;-46.836711;761.6;152.37;-75.0;-82.7
256;-23.004868;-46.836753;760.9;157.02;-94.5;-83.09
257;-23.004852;-46.836795;760.1;161.72;-88.0;-83.48
258;-23.00482;-46.836877;759.3;170.86;-78.5;-84.19
259;-23.004806;-46.836917;759.0;175.24;-79.5;-84.52
260;-23.004793;-46.836948;758.6;178.75;-83.5;-84.78
261;-23.004784;-46.836971;757.6;181.39;-89.0;-84.97
262;-23.004769;-46.836996;756.0;184.56;-90.0;-85.2
263;-23.004764;-46.837013;756.2;186.34;-81.5;-85.32
264;-23.00476;-46.83703;755.6;188.16;-90.0;-85.45
265;-23.00475;-46.837053;755.2;190.79;-83.5;-85.63
266;-23.004749;-46.837056;755.3;191.11;-83.5;-85.65
267;-23.004749;-46.837056;755.2;191.12;-84.5;-85.65
268;-23.004748;-46.837057;755.2;191.25;-87.0;-85.66
269;-23.00475;-46.837062;755.5;191.59;-87.0;-85.68
270;-23.004751;-46.837064;755.4;191.74;-88.0;-85.69
271;-23.004753;-46.837065;755.3;191.75;-86.0;-85.7
272;-23.004754;-46.837066;755.1;191.82;-86.0;-85.7
273;-23.004755;-46.837068;755.3;191.94;-89.0;-85.71
274;-23.004757;-46.837072;755.6;192.19;-83.5;-85.73
275;-23.004758;-46.837074;755.7;192.32;-83.5;-85.73
276;-23.004759;-46.837076;755.8;192.45;-83.5;-85.74
277;-23.004759;-46.837078;756.0;192.61;-84.5;-85.75
278;-23.004761;-46.837083;756.3;192.96;-84.5;-85.78
279;-23.004761;-46.837084;756.4;193.04;-84.5;-85.78
280;-23.004762;-46.837085;756.2;193.11;-86.0;-85.79
281;-23.004762;-46.837086;756.2;193.2;-84.5;-85.79
282;-23.004763;-46.837088;756.3;193.33;-84.5;-85.8
283;-23.004764;-46.837091;756.8;193.52;-84.5;-85.82
284;-23.004764;-46.837093;757.0;193.69;-84.5;-85.83
285;-23.004765;-46.837095;757.0;193.83;-84.5;-85.84
286;-23.004766;-46.837096;757.0;193.88;-84.5;-85.84
287;-23.004766;-46.837098;757.0;194.06;-84.5;-85.85
288;-23.004767;-46.837099;756.9;194.12;-84.5;-85.86
289;-23.004767;-46.8371;757.0;194.21;-86.0;-85.86
290;-23.004767;-46.8371;756.9;194.21;-81.5;-85.86
291;-23.004766;-46.837101;756.8;194.36;-81.5;-85.87
292;-23.004767;-46.837102;756.7;194.42;-81.5;-85.88
293;-23.004767;-46.837102;756.7;194.42;-84.5;-85.88
294;-23.004766;-46.837102;756.8;194.46;-86.0;-85.88
295;-23.004766;-46.837102;756.8;194.46;-86.0;-85.88
296;-23.004765;-46.837102;757.1;194.47;-87.0;-85.88
297;-23.004765;-46.837102;757.1;194.47;-82.5;-85.88
298;-23.004764;-46.837102;757.3;194.5;-83.5;-85.88
299;-23.004764;-46.837101;757.4;194.39;-90.0;-85.87
300;-23.004763;-46.837101;757.5;194.43;-95.5;-85.88
301;-23.004763;-46.837099;757.6;194.23;-93.5;-85.86
302;-23.004762;-46.837097;756.8;194.17;-89.0;-85.86
303;-23.004761;-46.837095;756.3;194.07;-90.0;-85.85
304;-23.00476;-46.837094;756.3;194.03;-91.0;-85.85
305;-23.004759;-46.837092;756.0;193.92;-88.0;-85.84
306;-23.004759;-46.83709;755.8;193.75;-86.0;-85.83
307;-23.004758;-46.83709;755.8;193.79;-86.0;-85.83
308;-23.004758;-46.83709;756.1;193.76;-86.0;-85.83
309;-23.004758;-46.837089;756.0;193.68;-82.5;-85.83
310;-23.004757;-46.837087;755.9;193.55;-83.5;-85.82
311;-23.004756;-46.837086;755.1;193.59;-86.0;-85.82
312;-23.004756;-46.837085;755.1;193.49;-86.0;-85.81
313;-23.004756;-46.837083;754.6;193.36;-83.5;-85.8
314;-23.004755;-46.837081;754.3;193.25;-86.0;-85.8
315;-23.004754;-46.837078;753.7;193.09;-82.5;-85.79
316;-23.004753;-46.837076;753.3;192.99;-87.0;-85.78
317;-23.004753;-46.837074;752.7;192.88;-87.0;-85.77
318;-23.004752;-46.837072;752.0;192.82;-84.5;-85.77
319;-23.004752;-46.83707;751.5;192.7;-84.5;-85.76
320;-23.00475;-46.837065;750.1;192.51;-84.5;-85.75
321;-23.00475;-46.837064;749.8;192.45;-87.0;-85.74
322;-23.00475;-46.837062;749.6;192.3;-83.5;-85.73
323;-23.00475;-46.837061;749.2;192.26;-83.5;-85.73
324;-23.00475;-46.837061;749.4;192.23;-87.0;-85.73
325;-23.004751;-46.83706;749.2;192.12;-89.0;-85.72
326;-23.004751;-46.837061;749.3;192.2;-82.5;-85.73
327;-23.004752;-46.837064;749.7;192.37;-84.5;-85.74
328;-23.004749;-46.83707;749.5;193.09;-81.5;-85.79
329;-23.004749;-46.837082;749.1;194.25;-79.5;-85.86
330;-23.004749;-46.837105;748.8;196.42;-82.5;-86.01
331;-23.004742;-46.837133;748.6;199.35;-84.5;-86.2
332;-23.004731;-46.837168;749.1;203.03;-88.0;-86.44
333;-23.004702;-46.837253;748.8;212.25;-88.0;-87.02
334;-23.004685;-46.837297;748.1;217.18;-82.5;-87.32
335;-23.004667;-46.837345;747.5;222.52;-89.0;-87.63
336;-23.004648;-46.837394;747.1;227.97;-86.0;-87.95
337;-23.004617;-46.837479;746.3;237.35;-88.0;-88.47
338;-23.004601;-46.837519;745.7;241.85;-93.5;-88.72
339;-23.004584;-46.837561;745.4;246.55;-92.0;-88.97
340;-23.004567;-46.837605;745.2;251.42;-94.5;-89.23
341;-23.004557;-46.837647;746.1;255.67;-92.0;-89.44
342;-23.004529;-46.837738;748.6;265.13;-95.5;-89.92
343;-23.004516;-46.837782;749.6;269.72;-106.5;-90.14
344;-23.004502;-46.837816;749.9;273.48;-105.0;-90.32
345;-23.00449;-46.837844;749.9;276.63;-96.5;-90.47
346;-23.004477;-46.837886;750.4;281.09;-94.5;-90.68
347;-23.004479;-46.837895;750.4;281.84;-95.5;-90.71
348;-23.00448;-46.837899;750.8;282.14;-92.0;-90.73
349;-23.004477;-46.837901;751.2;282.42;-87.0;-90.74
350;-23.004476;-46.8379;751.8;282.32;-87.0;-90.74
351;-23.004475;-46.837903;753.9;282.48;-90.0;-90.74
352;-23.004475;-46.837903;753.9;282.48;-90.0;-90.74
353;-23.004471;-46.837912;753.5;283.53;-93.5;-90.79
354;-23.00447;-46.837914;753.7;283.74;-94.5;-90.8
355;-23.004469;-46.837915;753.8;283.87;-109.0;-90.81
356;-23.004469;-46.837916;753.9;283.96;-92.0;-90.81
357;-23.004469;-46.837918;754.1;284.13;-90.0;-90.82
358;-23.004469;-46.837919;754.2;284.22;-92.0;-90.82
359;-23.00447;-46.837921;754.3;284.36;-91.0;-90.83
360;-23.004471;-46.837922;754.4;284.4;-93.5;-90.83
361;-23.004472;-46.837924;754.8;284.52;-90.0;-90.84
362;-23.004472;-46.837925;754.9;284.6;-92.0;-90.84
363;-23.004473;-46.837926;755.1;284.64;-88.0;-90.84
364;-23.004473;-46.837927;755.1;284.73;-90.0;-90.85
365;-23.004473;-46.837928;755.3;284.81;-88.0;-90.85
366;-23.004474;-46.83793;755.6;284.94;-90.0;-90.86
367;-23.004474;-46.83793;755.5;284.94;-89.0;-90.86
368;-23.004474;-46.83793;755.6;284.94;-92.0;-90.86
369;-23.004474;-46.837931;755.6;285.03;-93.5;-90.86
370;-23.004474;-46.83793;755.6;284.94;-93.5;-90.86
371;-23.004473;-46.837931;755.5;285.08;-92.0;-90.86
372;-23.004473;-46.837931;755.5;285.08;-93.5;-90.86
373;-23.004473;-46.837931;755.4;285.09;-92.0;-90.86
374;-23.004473;-46.837931;755.4;285.09;-92.0;-90.86
375;-23.004473;-46.837931;755.3;285.1;-91.0;-90.86
376;-23.004473;-46.837931;755.3;285.1;-91.0;-90.86
377;-23.004473;-46.837931;755.3;285.1;-91.0;-90.86
378;-23.004473;-46.837931;755.2;285.1;-92.0;-90.86
379;-23.004474;-46.837932;755.3;285.15;-92.0;-90.87
380;-23.004478;-46.837936;756.0;285.3;-91.0;-90.87
381;-23.004479;-46.837937;756.2;285.34;-92.0;-90.87
382;-23.00448;-46.837938;756.4;285.38;-92.0;-90.88
383;-23.004482;-46.83794;756.8;285.46;-89.0;-90.88
384;-23.004483;-46.837941;756.9;285.5;-90.0;-90.88
385;-23.004483;-46.837942;757.2;285.58;-92.0;-90.89
386;-23.004483;-46.837943;757.3;285.67;-91.0;-90.89
387;-23.004483;-46.837943;757.2;285.67;-91.0;-90.89
388;-23.004483;-46.837943;757.4;285.66;-91.0;-90.89
389;-23.004483;-46.837943;757.4;285.66;-91.0;-90.89
390;-23.004481;-46.837943;757.4;285.74;-91.0;-90.89
391;-23.00448;-46.837943;757.2;285.8;-91.0;-90.9
392;-23.00448;-46.837942;757.2;285.7;-91.0;-90.89
393;-23.004479;-46.837942;757.3;285.74;-90.0;-90.89
394;-23.004479;-46.837942;757.3;285.74;-90.0;-90.89
395;-23.004478;-46.837942;757.2;285.79;-90.0;-90.89
396;-23.004477;-46.837941;757.2;285.74;-93.5;-90.89
397;-23.004475;-46.83794;757.1;285.74;-90.0;-90.89
398;-23.004474;-46.83794;756.9;285.79;-91.0;-90.89
399;-23.004474;-46.837941;756.9;285.89;-91.0;-90.9
400;-23.004473;-46.83794;756.8;285.84;-90.0;-90.9
401;-23.004473;-46.83794;756.9;285.83;-93.5;-90.9
402;-23.004472;-46.837939;756.8;285.79;-91.0;-90.89
403;-23.004472;-46.837939;756.8;285.79;-91.0;-90.89
404;-23.004471;-46.837939;756.7;285.84;-92.0;-90.9
405;-23.004471;-46.837939;756.6;285.85;-93.5;-90.9
406;-23.00447;-46.837939;756.5;285.9;-89.0;-90.9
407;-23.004469;-46.837937;756.0;285.78;-92.0;-90.89
408;-23.004469;-46.837937;755.8;285.8;-91.0;-90.9
409;-23.004468;-46.837937;755.6;285.85;-91.0;-90.9
410;-23.004468;-46.837937;755.6;285.85;-90.0;-90.9
411;-23.004468;-46.837937;755.2;285.88;-91.0;-90.9
412;-23.004468;-46.837937;755.1;285.89;-91.0;-90.9
413;-23.004468;-46.837936;755.0;285.8;-91.0;-90.9
414;-23.004468;-46.837936;754.8;285.82;-92.0;-90.9
415;-23.004467;-46.837935;754.7;285.77;-93.5;-90.89
416;-23.004467;-46.837935;754.4;285.8;-94.5;-90.9
417;-23.004467;-46.837935;754.4;285.8;-94.5;-90.9
418;-23.004467;-46.837935;754.4;285.8;-105.0;-90.9
419;-23.004466;-46.837935;754.5;285.83;-92.0;-90.9
420;-23.004465;-46.837934;754.6;285.77;-93.5;-90.89
421;-23.004464;-46.837934;754.8;285.8;-89.0;-90.9
422;-23.004464;-46.837935;755.3;285.86;-88.0;-90.9
423;-23.004464;-46.837935;755.6;285.84;-86.0;-90.9
424;-23.004462;-46.837935;748.12;286.54;-88.0;-90.93
425;-23.004459;-46.837936;756.2;286.11;-87.0;-90.91
426;-23.004457;-46.837936;756.5;286.18;-87.0;-90.91
427;-23.004455;-46.837936;756.7;286.25;-87.0;-90.92
428;-23.004455;-46.837936;756.6;286.26;-86.0;-90.92
429;-23.004453;-46.837951;756.6;287.75;-83.5;-90.98
430;-23.00445;-46.837972;756.6;289.86;-82.5;-91.08
431;-23.004443;-46.837999;757.0;292.67;-82.5;-91.2
432;-23.004436;-46.838031;757.2;295.98;-84.5;-91.35
433;-23.004425;-46.838066;756.5;299.79;-87.0;-91.52
434;-23.004401;-46.838138;755.9;307.64;-88.0;-91.85
435;-23.004393;-46.838176;755.7;311.58;-89.0;-92.02
436;-23.004383;-46.838214;755.5;315.6;-88.0;-92.19
437;-23.004374;-46.838252;755.1;319.59;-86.0;-92.35
438;-23.004374;-46.838252;755.1;319.59;-86.0;-92.35
439;-23.004374;-46.838252;755.1;319.59;-86.0;-92.35
440;-23.00428;-46.838537;752.0;350.69;-91.0;-93.56
441;-23.004269;-46.838567;752.2;353.97;-91.0;-93.68
442;-23.004258;-46.838599;752.3;357.45;-92.0;-93.81
443;-23.004239;-46.838655;752.5;363.53;-97.5;-94.03
444;-23.004239;-46.838655;752.5;363.53;-97.5;-94.03
445;-23.004203;-46.83878;750.7;376.98;-90.0;-94.5
446;-23.004195;-46.838813;751.3;380.4;-87.0;-94.62
447;-23.004176;-46.838868;749.3;386.53;-88.0;-94.83
448;-23.00417;-46.838892;748.7;389.1;-87.0;-94.92
449;-23.004162;-46.838906;747.6;390.83;-87.0;-94.97
450;-23.004156;-46.838924;749.2;392.67;-89.0;-95.03
451;-23.004147;-46.83894;751.3;394.43;-88.0;-95.09
452;-23.004129;-46.838991;753.3;399.89;-90.0;-95.27
453;-23.004123;-46.839015;753.4;402.41;-92.0;-95.35
454;-23.004117;-46.839034;753.4;404.46;-92.0;-95.42
455;-23.004113;-46.83905;754.4;406.09;-90.0;-95.47
456;-23.004103;-46.839072;755.3;408.55;-91.0;-95.55
457;-23.004102;-46.839077;755.5;409.05;-88.0;-95.57
458;-23.004101;-46.839079;756.3;409.25;-89.0;-95.57
459;-23.0041;-46.83908;756.7;409.36;-89.0;-95.58
460;-23.004097;-46.839084;757.4;409.84;-89.0;-95.59
461;-23.004096;-46.839087;757.9;410.14;-89.0;-95.6
462;-23.004096;-46.839089;758.0;410.33;-88.0;-95.61
463;-23.004095;-46.839091;758.3;410.54;-88.0;-95.61
464;-23.004094;-46.839092;758.8;410.66;-89.0;-95.62
465;-23.004093;-46.839093;758.7;410.8;-88.0;-95.62
466;-23.004092;-46.839094;759.6;410.9;-89.0;-95.63
467;-23.00409;-46.839095;760.5;411.04;-88.0;-95.63
468;-23.004091;-46.839095;760.2;411.01;-89.0;-95.63
469;-23.004086;-46.839094;761.1;411.09;-89.0;-95.63
470;-23.004083;-46.839094;763.1;411.15;-91.0;-95.63
471;-23.004082;-46.839095;763.0;411.29;-87.0;-95.64
472;-23.00408;-46.839095;763.6;411.36;-90.0;-95.64
473;-23.004077;-46.839095;764.6;411.46;-90.0;-95.64
474;-23.004074;-46.839093;765.5;411.37;-87.0;-95.64
475;-23.00407;-46.839093;766.5;411.51;-87.0;-95.64
476;-23.004065;-46.839092;767.8;411.6;-87.0;-95.65
477;-23.004061;-46.839091;769.1;411.66;-88.0;-95.65
478;-23.00406;-46.83909;769.2;411.6;-88.0;-95.65
479;-23.004054;-46.839089;771.0;411.74;-88.0;-95.65
480;-23.00405;-46.839088;772.3;411.8;-88.0;-95.65
481;-23.00405;-46.839088;772.3;411.8;-89.0;-95.65
482;-23.004047;-46.839087;773.0;411.83;-87.0;-95.65
483;-23.004037;-46.839081;774.2;411.68;-87.0;-95.65
484;-23.004036;-46.839078;776.9;411.44;-88.0;-95.64
485;-23.004033;-46.839075;778.0;411.3;-87.0;-95.64
486;-23.004029;-46.839071;779.5;411.1;-88.0;-95.63
487;-23.004024;-46.839067;781.2;410.96;-88.0;-95.63
488;-23.00402;-46.839065;782.9;410.98;-88.0;-95.63
489;-23.004017;-46.839059;784.1;410.57;-88.0;-95.61
490;-23.004015;-46.839057;785.0;410.48;-90.0;-95.61
491;-23.00401;-46.839056;786.4;410.64;-90.0;-95.62
492;-23.00401;-46.839054;786.5;410.46;-88.0;-95.61
493;-23.004005;-46.839053;788.0;410.63;-88.0;-95.62
494;-23.004001;-46.839054;788.7;410.92;-89.0;-95.63
495;-23.004002;-46.839056;788.0;411.04;-89.0;-95.63
496;-23.004;-46.839057;788.3;411.23;-89.0;-95.64
497;-23.003994;-46.839059;789.8;411.73;-88.0;-95.65
498;-23.003994;-46.83906;789.4;411.81;-89.0;-95.65
499;-23.003993;-46.839061;789.6;411.96;-89.0;-95.66
500;-23.003991;-46.839062;790.4;412.17;-89.0;-95.67
501;-23.003988;-46.839061;791.3;412.24;-88.0;-95.67
502;-23.00399;-46.83906;790.9;412.05;-89.0;-95.66
503;-23.003987;-46.83906;791.7;412.21;-89.0;-95.67
504;-23.003988;-46.839059;791.5;412.06;-89.0;-95.66
505;-23.003986;-46.839058;792.2;412.09;-88.0;-95.66
506;-23.003985;-46.839055;793.2;411.89;-88.0;-95.66
507;-23.003983;-46.839054;793.7;411.91;-88.0;-95.66
508;-23.003982;-46.839054;794.0;411.97;-87.0;-95.66
509;-23.00398;-46.839054;794.5;412.08;-90.0;-95.66
510;-23.003977;-46.839053;795.5;412.17;-90.0;-95.67
511;-23.003978;-46.839055;795.2;412.29;-91.0;-95.67
512;-23.003977;-46.839055;795.5;412.35;-89.0;-95.67
513;-23.003976;-46.839055;795.9;412.42;-90.0;-95.67
514;-23.003973;-46.839055;796.7;412.59;-90.0;-95.68
515;-23.003974;-46.839055;796.6;412.54;-91.0;-95.68
516;-23.003973;-46.839056;796.9;412.7;-89.0;-95.68
517;-23.00397;-46.839054;797.8;412.69;-88.0;-95.68
518;-23.003967;-46.839053;798.8;412.79;-91.0;-95.69
519;-23.003968;-46.83905;798.7;412.46;-90.0;-95.67
520;-23.003967;-46.839049;799.8;412.47;-89.0;-95.68
521;-23.003965;-46.839047;800.5;412.42;-89.0;-95.67
522;-23.003962;-46.839045;801.7;412.44;-88.0;-95.67
523;-23.003962;-46.839044;801.8;412.35;-88.0;-95.67
524;-23.003961;-46.839042;802.2;412.24;-89.0;-95.67
525;-23.003962;-46.83904;802.7;412.04;-89.0;-95.66
526;-23.003962;-46.839038;803.0;411.87;-90.0;-95.66
527;-23.003964;-46.839038;802.7;411.76;-89.0;-95.65
528;-23.003965;-46.83904;802.2;411.87;-89.0;-95.66
529;-23.003966;-46.83904;801.9;411.81;-88.0;-95.65
530;-23.003965;-46.839041;802.2;411.96;-90.0;-95.66
531;-23.003963;-46.839042;802.5;412.17;-90.0;-95.67
532;-23.003967;-46.839045;801.6;412.21;-90.0;-95.67
533;-23.003969;-46.839046;800.7;412.16;-89.0;-95.67
534;-23.00397;-46.839048;800.3;412.27;-89.0;-95.67
535;-23.00397;-46.839049;800.4;412.37;-90.0;-95.67
536;-23.003974;-46.83905;799.4;412.23;-90.0;-95.67
537;-23.003978;-46.83905;798.6;412.0;-90.0;-95.66
538;-23.003979;-46.839051;798.3;412.04;-89.0;-95.66
539;-23.00398;-46.839051;798.2;411.99;-90.0;-95.66
540;-23.003984;-46.839051;797.3;411.76;-89.0;-95.65
541;-23.003986;-46.839051;796.8;411.64;-90.0;-95.65
542;-23.00399;-46.83905;796.2;411.34;-91.0;-95.64
543;-23.003991;-46.83905;796.3;411.3;-89.0;-95.64
544;-23.003994;-46.83905;795.5;411.13;-89.0;-95.63
545;-23.003997;-46.83905;795.1;410.98;-91.0;-95.63
546;-23.003999;-46.839051;794.5;410.95;-89.0;-95.63
547;-23.003999;-46.839051;794.8;410.97;-89.0;-95.63
548;-23.003998;-46.83905;795.2;410.94;-90.0;-95.63
549;-23.003997;-46.839051;795.7;411.1;-90.0;-95.63
550;-23.003997;-46.839052;795.4;411.18;-91.0;-95.63
551;-23.003997;-46.839053;795.3;411.27;-89.0;-95.64
552;-23.003996;-46.839053;795.5;411.32;-90.0;-95.64
553;-23.003995;-46.839054;795.8;411.48;-87.0;-95.64
554;-23.003994;-46.839055;796.4;411.64;-90.0;-95.65
555;-23.003993;-46.839055;797.0;411.72;-91.0;-95.65
556;-23.003991;-46.839056;797.4;411.92;-88.0;-95.66
557;-23.003992;-46.839056;797.3;411.87;-88.0;-95.66
558;-23.003992;-46.839056;797.3;411.87;-90.0;-95.66
559;-23.003992;-46.839056;797.5;411.88;-91.0;-95.66
560;-23.00399;-46.839055;798.4;411.93;-89.0;-95.66
561;-23.003989;-46.839055;798.9;412.0;-87.0;-95.66
562;-23.003988;-46.839054;799.3;411.97;-88.0;-95.66
563;-23.003988;-46.839055;799.7;412.09;-88.0;-95.66
564;-23.003987;-46.839054;800.0;412.06;-90.0;-95.66
565;-23.003986;-46.83906;800.0;412.66;-87.0;-95.68
566;-23.003987;-46.839069;799.3;413.42;-89.0;-95.71
567;-23.003988;-46.839081;799.1;414.49;-89.0;-95.74
568;-23.003987;-46.83909;799.6;415.41;-93.5;-95.77
569;-23.003979;-46.839146;799.1;420.99;-88.0;-95.94
570;-23.003971;-46.839181;798.9;424.62;-92.0;-96.05
571;-23.003961;-46.839214;798.9;428.15;-107.5;-96.16
572;-23.003961;-46.839214;798.9;428.15;-107.5;-96.16
573;-23.003912;-46.839383;797.8;446.13;-94.5;-96.7
574;-23.003899;-46.83943;797.4;451.09;-91.0;-96.84
575;-23.003884;-46.839477;797.2;456.16;-94.5;-96.99
576;-23.003858;-46.83957;797.0;466.04;-95.5;-97.27
577;-23.003844;-46.839614;796.5;470.77;-97.5;-97.4
578;-23.003831;-46.839656;795.8;475.26;-106.5;-97.52
579;-23.003805;-46.839742;795.0;484.45;-101.5;-97.77
580;-23.003805;-46.839742;795.0;484.45;-101.5;-97.77
581;-23.003734;-46.839926;793.0;504.79;-103.5;-98.31
582;-23.003722;-46.839959;792.7;508.4;-112.0;-98.4
583;-23.003711;-46.83998;792.4;510.85;-96.5;-98.46
584;-23.003707;-46.839997;791.6;512.6;-103.0;-98.51
585;-23.003696;-46.840051;789.1;518.1;-97.5;-98.65
586;-23.003696;-46.840051;789.1;518.1;-97.5;-98.65
587;-23.003661;-46.840151;788.6;529.03;-105.0;-98.92
588;-23.003659;-46.840167;788.0;530.61;-103.0;-98.96
589;-23.003659;-46.840183;787.6;532.12;-102.5;-98.99
590;-23.003659;-46.840185;787.6;532.31;-106.0;-99.0
591;-23.003661;-46.840189;787.6;532.6;-100.5;-99.01
592;-23.003662;-46.840193;787.6;532.94;-102.5;-99.01
593;-23.003662;-46.840193;787.6;532.94;-102.5;-99.01
594;-23.003667;-46.840199;788.6;533.33;-97.5;-99.02
595;-23.003668;-46.840201;788.9;533.48;-105.0;-99.03
596;-23.003669;-46.840202;789.4;533.55;-102.0;-99.03
597;-23.00367;-46.840205;790.4;533.82;-106.0;-99.04
598;-23.003672;-46.840209;790.2;534.11;-102.5;-99.04
599;-23.003674;-46.84021;790.3;534.12;-103.0;-99.04
600;-23.003674;-46.84021;790.3;534.12;-103.0;-99.04
601;-23.00368;-46.840219;791.3;534.76;-104.0;-99.06
602;-23.003683;-46.840224;791.6;535.12;-109.5;-99.07
603;-23.003684;-46.840226;791.6;535.27;-105.0;-99.07
604;-23.003685;-46.840228;791.7;535.42;-102.0;-99.07
605;-23.003686;-46.840229;791.9;535.48;-96.5;-99.08
606;-23.003686;-46.840229;791.9;535.48;-96.5;-99.08
607;-23.003692;-46.84024;791.1;536.26;-98.5;-99.09
608;-23.003693;-46.840241;790.8;536.3;-106.0;-99.1
609;-23.003694;-46.840243;791.0;536.46;-101.5;-99.1
610;-23.003695;-46.840245;790.8;536.6;-102.5;-99.1
612;-23.003698;-46.840249;790.2;536.84;-104.5;-99.11
613;-23.003698;-46.840249;790.2;536.84;-104.5;-99.11
614;-23.003702;-46.840253;788.9;537.03;-104.0;-99.11
615;-23.003704;-46.840252;788.5;536.84;-103.5;-99.11
616;-23.003705;-46.840253;788.2;536.89;-102.0;-99.11
617;-23.003706;-46.840253;788.0;536.84;-109.0;-99.11
618;-23.003707;-46.840254;788.0;536.9;-106.0;-99.11
619;-23.003707;-46.840254;788.0;536.9;-106.0;-99.11
620;-23.003709;-46.840256;788.7;537.02;-103.5;-99.11
621;-23.003709;-46.840256;788.9;537.03;-101.5;-99.11
622;-23.003709;-46.840256;789.2;537.04;-101.0;-99.11
623;-23.003709;-46.840257;789.5;537.14;-103.0;-99.12
624;-23.003709;-46.840258;789.6;537.24;-107.0;-99.12
625;-23.00371;-46.840259;789.9;537.3;-105.0;-99.12
626;-23.00371;-46.840259;789.9;537.3;-105.0;-99.12
627;-23.003711;-46.840261;790.4;537.46;-96.5;-99.12
628;-23.003711;-46.840262;790.5;537.56;-103.5;-99.13
629;-23.003712;-46.840263;790.6;537.62;-100.5;-99.13
630;-23.003712;-46.840263;790.9;537.63;-105.0;-99.13
631;-23.003712;-46.840265;790.9;537.82;-103.5;-99.13
632;-23.003712;-46.840265;791.0;537.82;-95.5;-99.13
633;-23.003713;-46.840266;791.0;537.88;-102.0;-99.13
634;-23.003712;-46.840267;791.4;538.02;-102.0;-99.14
635;-23.003712;-46.840266;791.5;537.93;-100.5;-99.14
636;-23.003711;-46.840266;791.7;537.98;-100.5;-99.14
637;-23.003711;-46.840266;792.0;537.99;-104.5;-99.14
638;-23.00371;-46.840265;792.2;537.94;-101.5;-99.14
639;-23.003711;-46.840265;792.3;537.9;-100.5;-99.13
640;-23.003711;-46.840265;792.3;537.9;-104.0;-99.13
641;-23.003711;-46.840264;792.4;537.81;-100.5;-99.13
642;-23.003711;-46.840265;792.4;537.91;-101.5;-99.13
643;-23.003711;-46.840264;792.5;537.81;-102.0;-99.13
644;-23.003711;-46.840264;792.6;537.82;-102.0;-99.13
645;-23.003711;-46.840265;792.6;537.91;-96.5;-99.13
646;-23.003712;-46.840266;792.4;537.96;-96.5;-99.14
647;-23.003712;-46.840268;792.3;538.15;-96.5;-99.14
648;-23.003713;-46.84027;792.1;538.29;-101.0;-99.14
649;-23.003714;-46.840271;792.0;538.34;-104.5;-99.15
650;-23.003714;-46.840273;792.1;538.54;-101.5;-99.15
651;-23.003714;-46.840274;792.2;538.64;-96.5;-99.15
652;-23.003714;-46.840277;792.4;538.93;-102.5;-99.16
653;-23.003714;-46.840277;792.5;538.93;-101.0;-99.16
654;-23.003714;-46.840277;792.5;538.93;-97.5;-99.16
655;-23.003714;-46.840277;792.5;538.93;-97.5;-99.16
656;-23.003716;-46.840281;791.2;539.19;-104.0;-99.17
657;-23.003716;-46.840282;791.3;539.29;-103.0;-99.17
658;-23.003716;-46.840281;791.3;539.2;-104.5;-99.17
659;-23.003716;-46.84028;791.6;539.11;-102.5;-99.16
660;-23.003716;-46.840282;791.5;539.3;-102.0;-99.17
661;-23.003717;-46.840284;791.4;539.45;-105.0;-99.17
662;-23.003717;-46.840285;791.5;539.54;-102.5;-99.17
663;-23.003717;-46.840286;791.6;539.64;-102.0;-99.18
664;-23.003717;-46.840287;791.7;539.74;-102.5;-99.18
665;-23.003717;-46.840287;791.9;539.75;-101.0;-99.18
666;-23.003716;-46.840288;792.3;539.89;-96.5;-99.18
667;-23.003716;-46.840289;792.5;540.0;-96.5;-99.19
668;-23.003715;-46.84029;792.7;540.14;-100.5;-99.19
669;-23.003715;-46.840291;792.8;540.24;-96.5;-99.19
670;-23.003715;-46.840292;793.0;540.34;-102.5;-99.19
671;-23.003714;-46.840294;793.2;540.58;-102.5;-99.2
672;-23.003714;-46.840294;793.4;540.58;-104.5;-99.2
673;-23.003714;-46.840294;793.6;540.59;-103.5;-99.2
674;-23.003713;-46.840294;793.8;540.64;-102.0;-99.2
675;-23.003712;-46.840293;794.4;540.6;-104.0;-99.2
676;-23.003711;-46.840293;794.7;540.65;-104.5;-99.2
677;-23.003711;-46.840292;794.9;540.56;-103.0;-99.2
678;-23.003711;-46.840292;795.1;540.57;-103.5;-99.2
679;-23.003711;-46.840291;795.1;540.48;-101.0;-99.2
680;-23.003711;-46.840293;795.2;540.67;-102.5;-99.2
681;-23.003711;-46.840294;795.3;540.77;-101.0;-99.2
682;-23.003711;-46.840295;795.4;540.87;-103.0;-99.21
683;-23.003711;-46.840295;795.4;540.87;-103.0;-99.21
684;-23.00371;-46.840298;795.8;541.21;-103.0;-99.21
685;-23.003709;-46.840298;795.9;541.25;-102.0;-99.22
686;-23.003709;-46.840298;795.8;541.25;-101.5;-99.22
687;-23.003709;-46.840298;795.9;541.25;-104.5;-99.22
688;-23.003709;-46.840298;795.8;541.25;-103.5;-99.22
689;-23.003709;-46.840298;795.8;541.25;-105.0;-99.22
690;-23.00371;-46.840298;795.8;541.21;-103.0;-99.21
691;-23.00371;-46.840297;795.8;541.11;-103.5;-99.21
692;-23.00371;-46.840297;795.8;541.11;-102.5;-99.21
693;-23.003712;-46.840295;795.6;540.84;-104.0;-99.21
694;-23.003712;-46.840294;795.2;540.73;-104.0;-99.2
695;-23.003713;-46.840293;795.1;540.59;-103.0;-99.2
696;-23.003713;-46.840291;795.2;540.4;-103.5;-99.19
697;-23.003713;-46.840291;795.3;540.4;-103.0;-99.19
698;-23.003713;-46.840289;795.5;540.22;-102.5;-99.19
699;-23.003713;-46.840289;795.6;540.22;-101.5;-99.19
700;-23.003712;-46.840288;795.6;540.17;-101.0;-99.19
701;-23.003712;-46.840289;795.7;540.27;-95.5;-99.19
702;-23.003712;-46.840288;795.8;540.18;-101.0;-99.19
703;-23.003713;-46.840288;795.8;540.14;-96.5;-99.19
704;-23.003713;-46.840288;795.8;540.14;-103.5;-99.19
705;-23.003713;-46.840288;795.8;540.14;-101.5;-99.19
706;-23.003714;-46.840288;796.1;540.11;-101.0;-99.19
707;-23.003715;-46.840288;796.0;540.06;-102.5;-99.19
708;-23.003715;-46.840289;795.9;540.16;-104.5;-99.19
709;-23.003715;-46.840289;796.0;540.16;-101.5;-99.19
710;-23.003716;-46.840288;796.1;540.03;-103.0;-99.19
711;-23.003717;-46.840288;796.0;539.98;-102.0;-99.18
712;-23.003717;-46.840288;796.1;539.99;-101.0;-99.18
713;-23.003717;-46.840288;796.0;539.98;-104.5;-99.18
714;-23.003717;-46.840289;796.1;540.08;-102.5;-99.19
715;-23.003717;-46.840285;796.2;539.7;-102.5;-99.18
716;-23.003716;-46.840284;796.3;539.65;-101.0;-99.18
717;-23.003715;-46.840286;796.2;539.88;-96.5;-99.18
718;-23.003713;-46.84029;796.1;540.34;-96.5;-99.19
719;-23.00371;-46.840299;795.8;541.31;-96.5;-99.22
720;-23.003706;-46.840308;795.3;542.31;-102.5;-99.24
721;-23.003698;-46.840308;792.7;542.54;-106.0;-99.25
722;-23.003693;-46.840308;791.7;542.71;-106.5;-99.25
723;-23.00369;-46.84031;791.1;543.0;-104.0;-99.26
724;-23.003686;-46.840316;790.5;543.72;-108.5;-99.27
725;-23.003681;-46.840327;790.1;544.96;-105.0;-99.3
726;-23.003678;-46.840334;790.0;545.74;-110.5;-99.32
727;-23.003677;-46.840338;789.6;546.16;-108.0;-99.33
728;-23.003677;-46.84034;789.1;546.33;-104.5;-99.34
729;-23.003678;-46.840344;787.9;546.65;-105.5;-99.34
730;-23.003675;-46.840342;789.1;546.61;-108.5;-99.34
731;-23.003674;-46.840342;789.2;546.65;-109.5;-99.34
732;-23.003674;-46.840342;789.3;546.65;-110.0;-99.34
733;-23.003673;-46.840343;789.2;546.78;-104.5;-99.35
734;-23.003671;-46.840341;789.4;546.68;-105.5;-99.35
735;-23.00367;-46.840341;789.6;546.73;-102.0;-99.35
736;-23.003669;-46.84034;789.7;546.67;-103.0;-99.35
737;-23.003667;-46.840339;790.1;546.67;-106.0;-99.35
738;-23.003666;-46.840338;790.8;546.63;-104.5;-99.34
739;-23.003664;-46.840338;791.1;546.72;-105.0;-99.35
740;-23.003663;-46.840338;791.2;546.77;-107.5;-99.35
741;-23.003662;-46.840337;791.2;546.71;-106.0;-99.35
742;-23.003663;-46.840338;791.3;546.77;-105.5;-99.35
743;-23.003663;-46.84034;790.2;546.93;-105.5;-99.35
744;-23.003664;-46.840342;789.4;547.06;-103.5;-99.35
745;-23.003665;-46.840344;788.1;547.18;-105.0;-99.36
746;-23.003667;-46.840347;786.7;547.35;-105.5;-99.36
747;-23.00367;-46.840351;785.4;547.59;-104.5;-99.37
748;-23.003672;-46.840352;782.6;547.56;-104.0;-99.37
749;-23.003673;-46.840352;781.4;547.5;-105.0;-99.36
750;-23.003674;-46.840352;780.2;547.45;-105.5;-99.36
751;-23.003675;-46.840352;779.0;547.4;-104.0;-99.36
752;-23.003675;-46.840352;778.4;547.4;-104.0;-99.36
753;-23.003675;-46.840352;778.1;547.39;-104.5;-99.36
754;-23.003675;-46.840352;777.9;547.39;-106.0;-99.36
755;-23.003675;-46.840353;777.7;547.49;-106.0;-99.36
756;-23.003675;-46.840353;777.5;547.49;-105.0;-99.36
757;-23.003675;-46.840353;777.9;547.49;-107.5;-99.36
758;-23.003675;-46.840352;778.1;547.39;-105.5;-99.36
759;-23.003674;-46.840351;778.4;547.34;-106.0;-99.36
760;-23.003672;-46.840348;778.5;547.14;-108.5;-99.36
761;-23.003672;-46.840346;778.8;546.95;-104.5;-99.35
762;-23.003671;-46.840344;779.0;546.8;-103.0;-99.35
763;-23.00367;-46.840343;779.1;546.74;-105.5;-99.35
764;-23.00367;-46.84035;778.9;547.41;-107.0;-99.36
765;-23.003672;-46.840362;776.3;548.46;-110.0;-99.39
766;-23.003673;-46.840374;775.7;549.57;-103.0;-99.41
767;-23.003677;-46.840386;774.9;550.55;-104.5;-99.44
768;-23.003682;-46.840401;773.7;551.78;-102.0;-99.47
769;-23.003699;-46.840436;770.4;554.48;-109.5;-99.53
770;-23.003703;-46.84045;770.4;555.66;-103.5;-99.56
771;-23.003703;-46.84045;770.4;555.66;-103.5;-99.56
772;-23.003703;-46.84045;770.4;555.66;-103.5;-99.56
773;-23.003703;-46.84045;770.4;555.66;-103.5;-99.56
774;-23.003703;-46.84045;770.4;555.66;-103.5;-99.56
775;-23.003716;-46.84049;763.0;559.1;-105.5;-99.64
776;-23.003715;-46.840497;762.9;559.82;-107.0;-99.65
777;-23.003712;-46.840503;762.3;560.52;-114.5;-99.67
778;-23.003711;-46.840505;762.7;560.74;-111.0;-99.68
779;-23.003712;-46.840503;763.1;560.5;-110.5;-99.67
780;-23.003713;-46.8405;763.6;560.17;-110.0;-99.66
781;-23.003714;-46.840498;764.0;559.93;-107.5;-99.66
782;-23.003714;-46.840494;764.2;559.54;-107.0;-99.65
783;-23.003716;-46.840495;764.8;559.55;-107.0;-99.65
784;-23.003716;-46.840492;765.3;559.25;-107.5;-99.64
785;-23.003718;-46.840489;765.1;558.89;-108.5;-99.63
786;-23.003719;-46.840488;765.3;558.75;-110.0;-99.63
787;-23.003719;-46.840488;765.3;558.75;-110.0;-99.63
788;-23.00372;-46.840481;765.8;558.03;-111.5;-99.61
789;-23.00372;-46.84048;766.3;557.93;-112.5;-99.61
790;-23.00372;-46.84048;766.3;557.93;-112.5;-99.61
791;-23.00372;-46.84048;766.3;557.93;-112.5;-99.61
792;-23.003718;-46.840469;768.3;556.92;-110.5;-99.59
793;-23.003718;-46.840469;768.3;556.92;-112.0;-99.59
794;-23.003718;-46.840471;767.9;557.12;-111.0;-99.59
795;-23.003719;-46.840473;767.5;557.27;-112.5;-99.6
796;-23.003719;-46.840474;767.3;557.37;-111.0;-99.6
797;-23.00372;-46.840477;767.2;557.62;-111.5;-99.6
798;-23.003721;-46.840479;766.4;557.79;-111.0;-99.61
799;-23.00372;-46.840479;766.6;557.82;-110.5;-99.61
800;-23.003719;-46.840479;766.9;557.86;-112.5;-99.61
801;-23.003718;-46.840477;767.5;557.7;-113.5;-99.61
802;-23.003717;-46.840475;767.8;557.54;-108.5;-99.6
803;-23.003716;-46.840474;768.4;557.47;-111.5;-99.6
804;-23.003716;-46.840474;768.4;557.47;-111.5;-99.6
805;-23.003717;-46.840477;767.9;557.73;-111.0;-99.61
806;-23.003716;-46.840477;768.0;557.77;-109.5;-99.61
807;-23.003716;-46.840478;767.7;557.87;-110.0;-99.61
808;-23.003717;-46.840479;767.3;557.93;-108.5;-99.61
809;-23.003717;-46.840479;767.2;557.93;-109.0;-99.61
810;-23.003717;-46.840482;766.6;558.23;-111.5;-99.62
811;-23.003717;-46.840485;766.4;558.52;-112.0;-99.62
812;-23.003717;-46.840485;766.4;558.52;-112.0;-99.62
813;-23.003717;-46.840485;766.4;558.52;-112.0;-99.62
814;-23.003715;-46.840486;765.7;558.7;-113.0;-99.63
815;-23.003715;-46.840486;765.7;558.7;-113.0;-99.63
816;-23.003715;-46.840486;765.7;558.7;-113.0;-99.63
817;-23.003715;-46.840486;765.7;558.7;-113.0;-99.63
818;-23.003715;-46.840486;765.7;558.7;-113.0;-99.63
819;-23.003716;-46.840471;767.8;557.19;-114.0;-99.59
820;-23.003715;-46.84047;768.1;557.13;-113.0;-99.59
821;-23.003714;-46.840467;768.7;556.88;-116.5;-99.59
822;-23.003713;-46.840464;769.2;556.62;-112.0;-99.58
823;-23.003714;-46.840465;768.9;556.68;-110.0;-99.58
824;-23.003714;-46.840466;768.7;556.78;-112.5;-99.58
825;-23.003714;-46.840465;768.8;556.68;-111.5;-99.58
826;-23.003714;-46.840465;768.8;556.68;-112.0;-99.58
827;-23.003714;-46.840463;769.0;556.49;-113.0;-99.58
828;-23.003713;-46.840461;769.2;556.34;-112.5;-99.57
829;-23.003715;-46.840463;769.3;556.45;-111.5;-99.58
830;-23.003717;-46.840466;768.6;556.67;-111.0;-99.58
831;-23.003717;-46.840466;768.6;556.67;-111.0;-99.58
832;-23.003726;-46.840484;763.6;558.13;-112.0;-99.62
833;-23.003727;-46.840486;763.1;558.29;-110.5;-99.62
834;-23.003728;-46.840488;762.8;558.45;-111.0;-99.62
835;-23.003729;-46.84049;762.6;558.61;-111.5;-99.63
836;-23.00373;-46.840491;762.2;558.68;-110.5;-99.63
837;-23.003732;-46.840493;761.8;558.8;-112.0;-99.63
838;-23.003732;-46.840493;761.8;558.8;-112.0;-99.63
839;-23.003732;-46.840493;761.8;558.8;-112.0;-99.63
840;-23.003753;-46.840521;754.7;560.91;-112.0;-99.68
841;-23.003753;-46.840521;754.7;560.91;-112.0;-99.68
842;-23.003759;-46.840525;753.3;561.13;-111.5;-99.69
843;-23.003762;-46.840525;752.9;561.03;-111.5;-99.68
844;-23.003762;-46.840525;753.1;561.02;-115.5;-99.68
845;-23.003763;-46.840525;753.0;560.99;-110.5;-99.68
846;-23.003762;-46.840522;753.7;560.71;-112.5;-99.68
847;-23.003762;-46.84052;754.2;560.5;-110.5;-99.67
848;-23.003762;-46.840519;754.6;560.39;-109.0;-99.67
849;-23.003762;-46.840519;754.7;560.38;-110.5;-99.67
850;-23.00376;-46.840517;755.3;560.24;-111.5;-99.66
851;-23.003761;-46.840518;755.1;560.31;-110.5;-99.67
852;-23.003759;-46.840513;756.1;559.87;-112.5;-99.66
853;-23.003759;-46.840512;756.3;559.76;-109.0;-99.65
854;-23.003758;-46.840511;756.6;559.7;-110.5;-99.65
855;-23.003756;-46.840508;757.2;559.46;-110.0;-99.65
856;-23.003754;-46.840503;757.9;559.03;-108.5;-99.64
857;-23.003752;-46.840497;759.6;558.48;-110.0;-99.62
858;-23.003752;-46.840497;759.6;558.48;-110.0;-99.62
859;-23.003752;-46.840497;759.6;558.48;-110.0;-99.62
860;-23.003752;-46.840497;759.6;558.48;-110.0;-99.62
861;-23.003743;-46.840477;763.6;556.8;-115.5;-99.58
862;-23.003743;-46.840477;763.6;556.8;-115.5;-99.58
863;-23.003743;-46.840477;763.6;556.8;-115.5;-99.58
864;-23.003733;-46.840452;769.0;554.7;-110.0;-99.54
865;-23.003734;-46.840451;769.0;554.56;-111.0;-99.53
866;-23.003734;-46.840451;769.0;554.56;-111.0;-99.53
867;-23.003732;-46.840445;770.0;554.05;-111.5;-99.52
868;-23.003733;-46.840446;769.6;554.12;-115.0;-99.52
869;-23.00373;-46.840441;770.3;553.75;-113.5;-99.51
870;-23.00373;-46.840441;770.3;553.75;-113.5;-99.51
871;-23.00373;-46.840441;770.3;553.75;-113.5;-99.51
872;-23.00373;-46.840441;770.3;553.75;-113.5;-99.51
873;-23.003699;-46.840603;761.6;570.64;-111.5;-99.9
874;-23.003695;-46.840602;762.1;570.68;-113.5;-99.91
875;-23.003695;-46.840603;762.3;570.77;-113.5;-99.91
876;-23.003693;-46.840601;762.6;570.65;-112.5;-99.9
877;-23.003692;-46.8406;762.8;570.59;-113.0;-99.9
878;-23.003692;-46.8406;763.0;570.59;-115.0;-99.9
879;-23.003688;-46.8406;763.6;570.73;-111.0;-99.91
880;-23.003688;-46.8406;763.6;570.73;-111.0;-99.91
881;-23.003688;-46.8406;763.6;570.73;-111.0;-99.91
882;-23.003688;-46.8406;763.6;570.73;-111.0;-99.91
883;-23.003688;-46.8406;763.6;570.73;-111.0;-99.91
884;-23.003688;-46.8406;763.6;570.73;-111.0;-99.91
885;-23.003688;-46.8406;763.6;570.73;-111.0;-99.91
886;-23.003688;-46.8406;763.6;570.73;-111.0;-99.91
887;-23.003688;-46.8406;763.6;570.73;-111.0;-99.91
888;-23.003688;-46.8406;763.6;570.73;-111.0;-99.91
889;-23.003688;-46.8406;763.6;570.73;-111.0;-99.91
890;-23.003688;-46.8406;763.6;570.73;-111.0;-99.91
891;-23.003688;-46.8406;763.6;570.73;-111.0;-99.91
892;-23.003688;-46.8406;763.6;570.73;-111.0;-99.91
893;-23.003688;-46.8406;763.6;570.73;-111.0;-99.91
894;-23.003688;-46.8406;763.6;570.73;-111.0;-99.91
895;-23.003688;-46.8406;763.6;570.73;-111.0;-99.91
896;-23.003688;-46.8406;763.6;570.73;-111.0;-99.91
897;-23.003688;-46.8406;763.6;570.73;-111.0;-99.91
898;-23.003688;-46.8406;763.6;570.73;-111.0;-99.91
899;-23.003688;-46.8406;763.6;570.73;-111.0;-99.91
900;-23.003688;-46.8406;763.6;570.73;-111.0;-99.91
901;-23.003688;-46.8406;763.6;570.73;-111.0;-99.91
902;-23.003688;-46.8406;763.6;570.73;-111.0;-99.91
903;-23.003688;-46.8406;763.6;570.73;-111.0;-99.91
904;-23.003688;-46.8406;763.6;570.73;-111.0;-99.91
905;-23.003688;-46.8406;763.6;570.73;-111.0;-99.91
906;-23.003688;-46.8406;763.6;570.73;-111.0;-99.91
907;-23.003688;-46.8406;763.6;570.73;-111.0;-99.91
908;-23.003688;-46.8406;763.6;570.73;-111.0;-99.91
909;-23.003688;-46.8406;763.6;570.73;-111.0;-99.91
910;-23.003688;-46.8406;763.6;570.73;-111.0;-99.91
911;-23.003688;-46.8406;763.6;570.73;-111.0;-99.91
912;-23.003688;-46.8406;763.6;570.73;-111.0;-99.91
913;-23.003688;-46.8406;763.6;570.73;-111.0;-99.91
914;-23.003688;-46.8406;763.6;570.73;-111.0;-99.91
915;-23.003688;-46.8406;763.6;570.73;-111.0;-99.91
916;-23.003688;-46.8406;763.6;570.73;-111.0;-99.91
917;-23.003688;-46.8406;763.6;570.73;-111.0;-99.91
918;-23.003688;-46.8406;763.6;570.73;-111.0;-99.91
919;-23.003688;-46.8406;763.6;570.73;-111.0;-99.91
920;-23.003688;-46.8406;763.6;570.73;-111.0;-99.91
921;-23.003688;-46.8406;763.6;570.73;-111.0;-99.91
922;-23.003688;-46.8406;763.6;570.73;-111.0;-99.91
923;-23.003688;-46.8406;763.6;570.73;-111.0;-99.91
924;-23.003688;-46.8406;763.6;570.73;-111.0;-99.91
925;-23.003688;-46.8406;763.6;570.73;-111.0;-99.91
926;-23.003688;-46.8406;763.6;570.73;-111.0;-99.91
927;-23.003688;-46.8406;763.6;570.73;-111.0;-99.91
928;-23.003688;-46.8406;763.6;570.73;-111.0;-99.91
929;-23.003688;-46.8406;763.6;570.73;-111.0;-99.91
930;-23.003688;-46.8406;763.6;570.73;-111.0;-99.91
931;-23.003688;-46.8406;763.6;570.73;-111.0;-99.91
932;-23.003688;-46.8406;763.6;570.73;-111.0;-99.91
933;-23.003688;-46.8406;763.6;570.73;-111.0;-99.91
934;-23.003688;-46.8406;763.6;570.73;-111.0;-99.91
935;-23.003688;-46.8406;763.6;570.73;-111.0;-99.91
936;-23.003688;-46.8406;763.6;570.73;-111.0;-99.91
937;-23.003688;-46.8406;763.6;570.73;-111.0;-99.91
938;-23.003688;-46.8406;763.6;570.73;-111.0;-99.91
939;-23.003688;-46.8406;763.6;570.73;-111.0;-99.91
940;-23.003688;-46.8406;763.6;570.73;-111.0;-99.91
941;-23.003688;-46.8406;763.6;570.73;-111.0;-99.91
942;-23.003688;-46.8406;763.6;570.73;-111.0;-99.91
943;-23.003688;-46.8406;763.6;570.73;-111.0;-99.91
944;-23.003688;-46.8406;763.6;570.73;-111.0;-99.91
945;-23.003688;-46.8406;763.6;570.73;-111.0;-99.91
946;-23.003688;-46.8406;763.6;570.73;-111.0;-99.91
947;-23.003688;-46.8406;763.6;570.73;-111.0;-99.91
948;-23.003688;-46.8406;763.6;570.73;-111.0;-99.91
949;-23.003688;-46.8406;763.6;570.73;-111.0;-99.91
950;-23.003688;-46.8406;763.6;570.73;-111.0;-99.91
951;-23.003688;-46.8406;763.6;570.73;-111.0;-99.91
952;-23.003688;-46.8406;763.6;570.73;-111.0;-99.91
953;-23.003688;-46.8406;763.6;570.73;-111.0;-99.91
954;-23.003688;-46.8406;763.6;570.73;-111.0;-99.91
955;-23.003688;-46.8406;763.6;570.73;-111.0;-99.91
956;-23.003688;-46.8406;763.6;570.73;-111.0;-99.91
957;-23.003688;-46.8406;763.6;570.73;-111.0;-99.91
958;-23.003688;-46.8406;763.6;570.73;-111.0;-99.91
959;-23.003688;-46.8406;763.6;570.73;-111.0;-99.91
